progID,Prog Count,Prog Length,Lick,,,,,,,,,,,,,,,,,,,Lick String,H,Hashes,ALL Songs (inc. Dups),Total Songs (no Dups),Sorted Songs,Forms,Boundary Cases,Loop,Loop Length,# Repeats,Last Loop Chord,LoopAbs
1,41,5,>S,C.maj.i,F.maj.i,C.maj.i,F.maj.i,,,,,,,,,,,,,,,>S_C.maj.i_F.maj.i_C.maj.i_F.maj.i_,1.368009423036234,#,41,33,1069 1100 1113 1117 1119 1139 1212 1287 131 183 187 203 23 30 330 347 41 452 46 463 50 501 591 619 662 674 752 758 785 864 900 925 952 ,i ,NoBound,_C.maj.i_F.maj.i,2,2.0,5:maj-->,5maj_7maj_
2,24,4,C.7.c,B-.maj7.c,F.maj.c,C.maj.c,,,,,,,,,,,,,,,,C.7.c_B-.maj7.c_F.maj.c_C.maj.c_,1.2987949406953985,##,3,1,705 ,c ,NoBound,_C.7.c_B-.maj7.c_F.maj.c_C.maj.c,4,1.0,7:maj-->,07_10maj7_7maj_7maj_
3,27,4,C.7.c,F.maj.c,C.7.c,F.maj.c,,,,,,,,,,,,,,,,C.7.c_F.maj.c_C.7.c_F.maj.c_,3.1336120387998636,#,10,9,1006 1055 1141 1154 1182 1225 160 403 696 ,c ,NoBound,_C.7.c_F.maj.c,2,2.0,5:maj-->,5maj_77_
4,74,3,C.7.c,G.min7.c,C.7.c,,,,,,,,,,,,,,,,,C.7.c_G.min7.c_C.7.c_,1.8973216082874722,#,9,9,1127 1174 483 490 691 70 748 834 925 ,c ,NoBound,_C.7.c_G.min7.c,2,1.5,7:min7-->,57_7min7_
5,46,5,C.7.c,G.min7.c,C.7.c,G.min7.c,C.7.c,,,,,,,,,,,,,,,C.7.c_G.min7.c_C.7.c_G.min7.c_C.7.c_,1.370634116983083,#,5,5,1174 483 490 70 925 ,c ,NoBound,_C.7.c_G.min7.c,2,2.5,7:min7-->,57_7min7_
6,33,7,C.7.c,G.min7.c,C.7.c,G.min7.c,C.7.c,G.min7.c,C.7.c,,,,,,,,,,,,,C.7.c_G.min7.c_C.7.c_G.min7.c_C.7.c_G.min7.c_C.7.c_,1.7226586461964088,#,4,4,1174 483 490 70 ,c ,NoBound,_C.7.c_G.min7.c,2,3.5,7:min7-->,57_7min7_
7,20,3,C.7.d,B-.maj.d,F.maj.d,,,,,,,,,,,,,,,,,C.7.d_B-.maj.d_F.maj.d_,1.319035274338866,#,7,5,358 366 432 706 886 ,d ,NoBound,_C.7.d_B-.maj.d_F.maj.d,3,1.0,7:maj-->,77_10maj_7maj_
8,20,6,C.7.l,F.7.l,C.7.l,G.7.l,F.7.l,C.7.l,,,,,,,,,,,,,,C.7.l_F.7.l_C.7.l_G.7.l_F.7.l_C.7.l_,2.6577174691301484,###,7,7,1193 1247 289 383 455 672 792 ,l ,NoBound,_C.7.l_F.7.l_C.7.l_G.7.l_F.7.l,5,1.2,10:7-->,57_77_77_107_77_
9,22,5,C.7.l,G.7.l,D.7.l,C.7.l,G.7.l,,,,,,,,,,,,,,,C.7.l_G.7.l_D.7.l_C.7.l_G.7.l_,2.642423961771975,##,7,7,1193 1247 289 383 455 672 792 ,l ,NoBound,_C.7.l_G.7.l_D.7.l,3,1.67,7:7-->,77_77_107_
10,22,4,C.7.l,G.7.l,F.7.l,C.7.l,,,,,,,,,,,,,,,,C.7.l_G.7.l_F.7.l_C.7.l_,2.642423961771975,#,7,7,1193 1247 289 383 455 672 792 ,l ,NoBound,_C.7.l_G.7.l_F.7.l,3,1.33,10:7-->,77_77_107_
11,20,3,C.7.o,B-.maj.o,F.maj.o,,,,,,,,,,,,,,,,,C.7.o_B-.maj.o_F.maj.o_,1.2567796494470393,#,8,6,235 366 706 748 779 993 ,o ,NoBound,_C.7.o_B-.maj.o_F.maj.o,3,1.0,7:maj-->,77_10maj_7maj_
12,23,6,C.7.v,B-.maj.v,F.maj.v,C.7.v,B-.maj.v,F.maj.v,,,,,,,,,,,,,,C.7.v_B-.maj.v_F.maj.v_C.7.v_B-.maj.v_F.maj.v_,1.5858388510441057,##,2,2,430 886 ,v ,NoBound,_C.7.v_B-.maj.v_F.maj.v,3,2.0,7:maj-->,77_10maj_7maj_
13,47,5,C.7.v,F.7.v,C.7.v,F.7.v,C.7.v,,,,,,,,,,,,,,,C.7.v_F.7.v_C.7.v_F.7.v_C.7.v_,1.613679696374253,#,8,8,1149 115 1168 1193 356 391 510 890 ,v ,NoBound,_C.7.v_F.7.v,2,2.5,5:7-->,57_77_
14,26,6,C.7.v,F.7.v,C.7.v,G.7.v,F.7.v,C.7.v,,,,,,,,,,,,,,C.7.v_F.7.v_C.7.v_G.7.v_F.7.v_C.7.v_,2.2954656791802917,#,9,9,1125 1134 115 1193 214 314 425 510 792 ,v ,NoBound,_C.7.v_F.7.v_C.7.v_G.7.v_F.7.v,5,1.2,10:7-->,57_77_77_107_77_
15,25,5,C.7.v,F.maj.v,B-.maj.v,C.7.v,F.maj.v,,,,,,,,,,,,,,,C.7.v_F.maj.v_B-.maj.v_C.7.v_F.maj.v_,2.2613152774012364,#,9,8,1138 1154 1218 1245 167 463 500 914 ,v ,NoBound,_C.7.v_F.maj.v_B-.maj.v,3,1.67,5:maj-->,27_5maj_5maj_
16,31,6,C.7.v,F.maj.v,B-.maj.v,F.maj.v,C.7.v,F.maj.v,,,,,,,,,,,,,,C.7.v_F.maj.v_B-.maj.v_F.maj.v_C.7.v_F.maj.v_,2.9464920859505037,#,12,11,1072 1107 1116 1248 167 399 472 570 787 875 993 ,v ,NoBound,_C.7.v_F.maj.v_B-.maj.v_F.maj.v,4,1.5,7:maj-->,5maj_5maj_7maj_77_
17,22,7,C.7.v,F.maj.v,C.7.v,F.maj.v,C.7.v,F.maj.v,C.7.v,,,,,,,,,,,,,C.7.v_F.maj.v_C.7.v_F.maj.v_C.7.v_F.maj.v_C.7.v_,1.3410971216314893,#,4,3,308 403 847 ,v ,NoBound,_C.7.v_F.maj.v,2,3.5,5:maj-->,5maj_77_
18,32,5,C.7.v,F.maj.v,C.maj.v,G.7.v,C.maj.v,,,,,,,,,,,,,,,C.7.v_F.maj.v_C.maj.v_G.7.v_C.maj.v_,2.712031023008111,#,12,9,1006 1041 1116 1194 472 678 788 822 875 ,v ,NoBound,_C.7.v_F.maj.v_C.maj.v_G.7.v_C.maj.v,5,1.0,5:maj-->,07_5maj_7maj_77_5maj_
19,28,5,C.7.v,G.7.v,D.7.v,C.7.v,G.7.v,,,,,,,,,,,,,,,C.7.v_G.7.v_D.7.v_C.7.v_G.7.v_,2.3868392966712704,#,9,9,1125 1134 115 1193 214 314 425 510 792 ,v ,NoBound,_C.7.v_G.7.v_D.7.v,3,1.67,7:7-->,77_77_107_
20,29,4,C.7.v,G.7.v,F.7.v,C.7.v,,,,,,,,,,,,,,,,C.7.v_G.7.v_F.7.v_C.7.v_,2.3455463800242042,#,9,9,1125 1134 115 1193 214 314 425 510 792 ,v ,NoBound,_C.7.v_G.7.v_F.7.v,3,1.33,10:7-->,77_77_107_
21,53,5,C.maj.b,B-.maj.b,C.maj.b,B-.maj.b,C.maj.b,,,,,,,,,,,,,,,C.maj.b_B-.maj.b_C.maj.b_B-.maj.b_C.maj.b_,1.5343440482877637,#,12,9,1051 1281 393 480 561 572 617 83 834 ,b ,NoBound,_C.maj.b_B-.maj.b,2,2.5,10:maj-->,2maj_10maj_
22,32,7,C.maj.b,B-.maj.b,C.maj.b,B-.maj.b,C.maj.b,B-.maj.b,C.maj.b,,,,,,,,,,,,,C.maj.b_B-.maj.b_C.maj.b_B-.maj.b_C.maj.b_B-.maj.b_C.maj.b_,1.373689844084022,#,8,6,1051 393 480 561 617 834 ,b ,NoBound,_C.maj.b_B-.maj.b,2,3.5,10:maj-->,2maj_10maj_
23,46,6,C.maj.b,D.maj.b,C.maj.b,D.maj.b,C.maj.b,D.maj.b,,,,,,,,,,,,,,C.maj.b_D.maj.b_C.maj.b_D.maj.b_C.maj.b_D.maj.b_,1.681899067522611,#,12,9,1051 1281 393 480 561 572 617 83 834 ,b ,NoBound,_C.maj.b_D.maj.b,2,3.0,2:maj-->,2maj_10maj_
24,25,8,C.maj.b,D.maj.b,C.maj.b,D.maj.b,C.maj.b,D.maj.b,C.maj.b,D.maj.b,,,,,,,,,,,,C.maj.b_D.maj.b_C.maj.b_D.maj.b_C.maj.b_D.maj.b_C.maj.b_D.maj.b_,1.6038561897747248,#,7,5,393 480 561 617 834 ,b ,NoBound,_C.maj.b_D.maj.b,2,4.0,2:maj-->,2maj_10maj_
25,42,8,C.maj.c,A.min.c,F.maj.c,G.maj.c,C.maj.c,A.min.c,F.maj.c,G.maj.c,,,,,,,,,,,,C.maj.c_A.min.c_F.maj.c_G.maj.c_C.maj.c_A.min.c_F.maj.c_G.maj.c_,2.2316097377136206,##,9,4,145 54 568 749 ,c ,NoBound,_C.maj.c_A.min.c_F.maj.c_G.maj.c,4,2.0,2:maj-->,2maj_5maj_9min_8maj_
26,24,7,C.maj.c,A.min7.c,F.maj7.c,G.7.c,F.maj7.c,C.maj.c,G.maj.c,,,,,,,,,,,,,C.maj.c_A.min7.c_F.maj7.c_G.7.c_F.maj7.c_C.maj.c_G.maj.c_,1.2987949406953985,###,3,1,705 ,c ,NoBound,_C.maj.c_A.min7.c_F.maj7.c_G.7.c_F.maj7.c_C.maj.c_G.maj.c,7,1.0,7:maj-->,27_10maj7_7maj_7maj_5maj_9min7_8maj7_
27,57,7,C.maj.c,B-.maj.c,C.maj.c,B-.maj.c,C.maj.c,B-.maj.c,C.maj.c,,,,,,,,,,,,,C.maj.c_B-.maj.c_C.maj.c_B-.maj.c_C.maj.c_B-.maj.c_C.maj.c_,2.0020230842926723,#,9,9,1031 1109 223 415 480 582 64 841 844 ,c ,NoBound,_C.maj.c_B-.maj.c,2,3.5,10:maj-->,2maj_10maj_
28,31,9,C.maj.c,B-.maj.c,C.maj.c,B-.maj.c,C.maj.c,B-.maj.c,C.maj.c,B-.maj.c,C.maj.c,,,,,,,,,,,C.maj.c_B-.maj.c_C.maj.c_B-.maj.c_C.maj.c_B-.maj.c_C.maj.c_B-.maj.c_C.maj.c_,1.6042509441678177,#,5,5,1031 1109 223 415 582 ,c ,NoBound,_C.maj.c_B-.maj.c,2,4.5,10:maj-->,2maj_10maj_
29,66,7,C.maj.c,B-.maj.c,C.maj.c,F.maj.c,C.maj.c,B-.maj.c,C.maj.c,,,,,,,,,,,,,C.maj.c_B-.maj.c_C.maj.c_F.maj.c_C.maj.c_B-.maj.c_C.maj.c_,1.2992766520023888,##,12,9,1031 1142 1289 150 183 198 794 81 821 ,c ,NoBound,_C.maj.c_B-.maj.c_C.maj.c_F.maj.c,4,1.75,5:maj-->,2maj_5maj_7maj_10maj_
30,20,11,C.maj.c,B-.maj.c,C.maj.c,F.maj.c,C.maj.c,B-.maj.c,C.maj.c,F.maj.c,C.maj.c,B-.maj.c,C.maj.c,,,,,,,,,C.maj.c_B-.maj.c_C.maj.c_F.maj.c_C.maj.c_B-.maj.c_C.maj.c_F.maj.c_C.maj.c_B-.maj.c_C.maj.c_,1.9814963295286754,##,5,4,150 794 81 821 ,c ,NoBound,_C.maj.c_B-.maj.c_C.maj.c_F.maj.c,4,2.75,5:maj-->,2maj_5maj_7maj_10maj_
31,32,6,C.maj.c,B-.maj.c,F.maj.c,B-.maj.c,C.maj.c,B-.maj.c,,,,,,,,,,,,,,C.maj.c_B-.maj.c_F.maj.c_B-.maj.c_C.maj.c_B-.maj.c_,1.4072535340397483,#,5,4,268 339 803 83 ,c ,NoBound,_C.maj.c_B-.maj.c_F.maj.c_B-.maj.c,4,1.5,5:maj-->,2maj_10maj_7maj_5maj_
32,62,7,C.maj.c,B-.maj.c,F.maj.c,B-.maj.c,F.maj.c,B-.maj.c,F.maj.c,,,,,,,,,,,,,C.maj.c_B-.maj.c_F.maj.c_B-.maj.c_F.maj.c_B-.maj.c_F.maj.c_,1.6561373793137864,#,15,10,10 1135 139 187 215 29 560 561 707 995 ,c ,NoBound,_C.maj.c_B-.maj.c_F.maj.c_B-.maj.c_F.maj.c_B-.maj.c_F.maj.c,7,1.0,7:maj-->,5maj_7maj_5maj_7maj_7maj_10maj_7maj_
33,126,6,C.maj.c,B-.maj.c,F.maj.c,C.maj.c,B-.maj.c,F.maj.c,,,,,,,,,,,,,,C.maj.c_B-.maj.c_F.maj.c_C.maj.c_B-.maj.c_F.maj.c_,1.8397085440102312,#,17,14,1086 1249 1265 209 268 317 406 74 75 762 810 886 889 946 ,c ,NoBound,_C.maj.c_B-.maj.c_F.maj.c,3,2.0,7:maj-->,7maj_7maj_10maj_
34,75,9,C.maj.c,B-.maj.c,F.maj.c,C.maj.c,B-.maj.c,F.maj.c,C.maj.c,B-.maj.c,F.maj.c,,,,,,,,,,,C.maj.c_B-.maj.c_F.maj.c_C.maj.c_B-.maj.c_F.maj.c_C.maj.c_B-.maj.c_F.maj.c_,1.9293857305595257,##,11,9,1086 209 317 74 75 762 810 886 889 ,c ,NoBound,_C.maj.c_B-.maj.c_F.maj.c,3,3.0,7:maj-->,7maj_7maj_10maj_
35,39,12,C.maj.c,B-.maj.c,F.maj.c,C.maj.c,B-.maj.c,F.maj.c,C.maj.c,B-.maj.c,F.maj.c,C.maj.c,B-.maj.c,F.maj.c,,,,,,,,C.maj.c_B-.maj.c_F.maj.c_C.maj.c_B-.maj.c_F.maj.c_C.maj.c_B-.maj.c_F.maj.c_C.maj.c_B-.maj.c_F.maj.c_,2.0342018985680235,##,6,5,1086 209 74 75 810 ,c ,NoBound,_C.maj.c_B-.maj.c_F.maj.c,3,4.0,7:maj-->,7maj_7maj_10maj_
36,26,5,C.maj.c,D.maj.c,A.maj.c,C.maj.c,D.maj.c,,,,,,,,,,,,,,,C.maj.c_D.maj.c_A.maj.c_C.maj.c_D.maj.c_,1.2736509190759928,#,3,3,1062 414 699 ,c ,NoBound,_C.maj.c_D.maj.c_A.maj.c,3,1.67,7:maj-->,2maj_7maj_3maj_
37,77,6,C.maj.c,D.maj.c,C.maj.c,D.maj.c,C.maj.c,D.maj.c,,,,,,,,,,,,,,C.maj.c_D.maj.c_C.maj.c_D.maj.c_C.maj.c_D.maj.c_,2.308177372749146,#,11,11,1031 1073 1109 223 415 480 582 64 83 841 844 ,c ,NoBound,_C.maj.c_D.maj.c,2,3.0,2:maj-->,2maj_10maj_
38,40,8,C.maj.c,D.maj.c,C.maj.c,D.maj.c,C.maj.c,D.maj.c,C.maj.c,D.maj.c,,,,,,,,,,,,C.maj.c_D.maj.c_C.maj.c_D.maj.c_C.maj.c_D.maj.c_C.maj.c_D.maj.c_,2.130709582593748,#,8,8,1031 1109 223 415 480 582 64 844 ,c ,NoBound,_C.maj.c_D.maj.c,2,4.0,2:maj-->,2maj_10maj_
39,27,7,C.maj.c,D.maj.c,C.maj.c,G.maj.c,C.maj.c,D.maj.c,C.maj.c,,,,,,,,,,,,,C.maj.c_D.maj.c_C.maj.c_G.maj.c_C.maj.c_D.maj.c_C.maj.c_,1.4534670297316536,##,2,2,339 83 ,c ,NoBound,_C.maj.c_D.maj.c_C.maj.c_G.maj.c,4,1.75,7:maj-->,2maj_10maj_7maj_5maj_
40,39,8,C.maj.c,D.maj.c,C.maj.c,G.maj.c,C.maj.c,G.maj.c,C.maj.c,G.maj.c,,,,,,,,,,,,C.maj.c_D.maj.c_C.maj.c_G.maj.c_C.maj.c_G.maj.c_C.maj.c_G.maj.c_,1.493306383920182,###,9,5,139 215 29 561 995 ,c ,NoBound,_C.maj.c_D.maj.c_C.maj.c_G.maj.c_C.maj.c_G.maj.c_C.maj.c_G.maj.c,8,1.0,7:maj-->,2maj_10maj_7maj_5maj_7maj_5maj_7maj_5maj_
41,63,11,C.maj.c,D.maj.c,E.min.c,C.maj.c,D.maj.c,E.min.c,C.maj.c,D.maj.c,E.min.c,C.maj.c,D.maj.c,,,,,,,,,C.maj.c_D.maj.c_E.min.c_C.maj.c_D.maj.c_E.min.c_C.maj.c_D.maj.c_E.min.c_C.maj.c_D.maj.c_,1.4524279230419965,#######,9,7,1073 1279 334 352 531 599 898 ,c ,NoBound,_C.maj.c_D.maj.c_E.min.c,3,3.67,2:min-->,2maj_2min_8maj_
42,23,5,C.maj.c,D.maj.c,E.min.c,D.maj.c,C.maj.c,,,,,,,,,,,,,,,C.maj.c_D.maj.c_E.min.c_D.maj.c_C.maj.c_,2.5661902165503228,#,5,4,1171 1282 33 633 ,c ,NoBound,_C.maj.c_D.maj.c_E.min.c_D.maj.c,4,1.25,10:maj-->,2maj_2min_10maj_10maj_
43,32,5,C.maj.c,D.maj.c,E.min7.c,C.maj.c,D.maj.c,,,,,,,,,,,,,,,C.maj.c_D.maj.c_E.min7.c_C.maj.c_D.maj.c_,1.3244602933016414,#,2,1,352 ,c ,NoBound,_C.maj.c_D.maj.c_E.min7.c,3,1.67,2:min7-->,2maj_2min7_8maj_
44,22,8,C.maj.c,D.maj.c,E.min7.c,C.maj.c,D.maj.c,E.min7.c,C.maj.c,D.maj.c,,,,,,,,,,,,C.maj.c_D.maj.c_E.min7.c_C.maj.c_D.maj.c_E.min7.c_C.maj.c_D.maj.c_,1.617189572592715,##,2,1,352 ,c ,NoBound,_C.maj.c_D.maj.c_E.min7.c,3,2.67,2:min7-->,2maj_2min7_8maj_
45,285,5,C.maj.c,D.maj.c,G.maj.c,C.maj.c,D.maj.c,,,,,,,,,,,,,,,C.maj.c_D.maj.c_G.maj.c_C.maj.c_D.maj.c_,1.5138100039151263,#,44,32,101 1040 1045 1239 148 217 231 235 280 290 30 300 324 325 385 387 401 421 427 43 443 448 465 467 589 620 66 690 72 720 791 83 ,c ,NoBound,_C.maj.c_D.maj.c_G.maj.c,3,1.67,5:maj-->,2maj_5maj_5maj_
46,146,8,C.maj.c,D.maj.c,G.maj.c,C.maj.c,D.maj.c,G.maj.c,C.maj.c,D.maj.c,,,,,,,,,,,,C.maj.c_D.maj.c_G.maj.c_C.maj.c_D.maj.c_G.maj.c_C.maj.c_D.maj.c_,1.217021210257988,#,27,18,1040 1045 148 217 231 235 324 385 421 43 443 448 467 589 66 72 720 791 ,c ,NoBound,_C.maj.c_D.maj.c_G.maj.c,3,2.67,5:maj-->,2maj_5maj_5maj_
47,65,12,C.maj.c,D.maj.c,G.maj.c,C.maj.c,D.maj.c,G.maj.c,C.maj.c,D.maj.c,G.maj.c,C.maj.c,D.maj.c,G.maj.c,,,,,,,,C.maj.c_D.maj.c_G.maj.c_C.maj.c_D.maj.c_G.maj.c_C.maj.c_D.maj.c_G.maj.c_C.maj.c_D.maj.c_G.maj.c_,1.976677371148385,##,11,8,1040 148 324 43 448 467 72 791 ,c ,NoBound,_C.maj.c_D.maj.c_G.maj.c,3,4.0,5:maj-->,2maj_5maj_5maj_
48,39,15,C.maj.c,D.maj.c,G.maj.c,C.maj.c,D.maj.c,G.maj.c,C.maj.c,D.maj.c,G.maj.c,C.maj.c,D.maj.c,G.maj.c,C.maj.c,D.maj.c,G.maj.c,,,,,C.maj.c_D.maj.c_G.maj.c_C.maj.c_D.maj.c_G.maj.c_C.maj.c_D.maj.c_G.maj.c_C.maj.c_D.maj.c_G.maj.c_C.maj.c_D.maj.c_G.maj.c_,1.4749935568721737,##,9,6,148 324 43 448 72 791 ,c ,NoBound,_C.maj.c_D.maj.c_G.maj.c,3,5.0,5:maj-->,2maj_5maj_5maj_
49,23,18,C.maj.c,D.maj.c,G.maj.c,C.maj.c,D.maj.c,G.maj.c,C.maj.c,D.maj.c,G.maj.c,C.maj.c,D.maj.c,G.maj.c,C.maj.c,D.maj.c,G.maj.c,C.maj.c,D.maj.c,G.maj.c,,C.maj.c_D.maj.c_G.maj.c_C.maj.c_D.maj.c_G.maj.c_C.maj.c_D.maj.c_G.maj.c_C.maj.c_D.maj.c_G.maj.c_C.maj.c_D.maj.c_G.maj.c_C.maj.c_D.maj.c_G.maj.c_,1.8582154817610799,##,8,5,324 43 448 72 791 ,c ,NoBound,_C.maj.c_D.maj.c_G.maj.c,3,6.0,5:maj-->,2maj_5maj_5maj_
50,83,6,C.maj.c,D.maj.c,G.maj.c,D.maj.c,C.maj.c,D.maj.c,,,,,,,,,,,,,,C.maj.c_D.maj.c_G.maj.c_D.maj.c_C.maj.c_D.maj.c_,1.2432593016481572,#,13,10,1031 1142 1289 150 183 198 656 794 81 821 ,c ,NoBound,_C.maj.c_D.maj.c_G.maj.c_D.maj.c,4,1.5,7:maj-->,2maj_5maj_7maj_10maj_
51,35,10,C.maj.c,D.maj.c,G.maj.c,D.maj.c,C.maj.c,D.maj.c,G.maj.c,D.maj.c,C.maj.c,D.maj.c,,,,,,,,,,C.maj.c_D.maj.c_G.maj.c_D.maj.c_C.maj.c_D.maj.c_G.maj.c_D.maj.c_C.maj.c_D.maj.c_,1.3873881548354847,##,8,5,150 198 794 81 821 ,c ,NoBound,_C.maj.c_D.maj.c_G.maj.c_D.maj.c,4,2.5,7:maj-->,2maj_5maj_7maj_10maj_
52,53,6,C.maj.c,D.maj.c,G.maj.c,E.min.c,C.maj.c,D.maj.c,,,,,,,,,,,,,,C.maj.c_D.maj.c_G.maj.c_E.min.c_C.maj.c_D.maj.c_,2.087910098412117,#,15,8,145 198 401 511 54 568 749 992 ,c ,NoBound,_C.maj.c_D.maj.c_G.maj.c_E.min.c,4,1.5,9:min-->,2maj_5maj_9min_8maj_
53,157,4,C.maj.c,D.min.c,B-.maj.c,C.maj.c,,,,,,,,,,,,,,,,C.maj.c_D.min.c_B-.maj.c_C.maj.c_,1.865955039140203,#,19,15,1051 1073 1279 33 334 352 465 478 531 572 599 842 898 913 991 ,c ,NoBound,_C.maj.c_D.min.c_B-.maj.c,3,1.33,8:maj-->,2maj_2min_8maj_
54,65,10,C.maj.c,D.min.c,B-.maj.c,C.maj.c,D.min.c,B-.maj.c,C.maj.c,D.min.c,B-.maj.c,C.maj.c,,,,,,,,,,C.maj.c_D.min.c_B-.maj.c_C.maj.c_D.min.c_B-.maj.c_C.maj.c_D.min.c_B-.maj.c_C.maj.c_,1.4205096228492975,#####,9,7,1073 1279 334 352 531 599 898 ,c ,NoBound,_C.maj.c_D.min.c_B-.maj.c,3,3.33,8:maj-->,2maj_2min_8maj_
55,147,5,C.maj.c,D.min.c,C.maj.c,D.min.c,C.maj.c,,,,,,,,,,,,,,,C.maj.c_D.min.c_C.maj.c_D.min.c_C.maj.c_,1.3013597384409088,#,15,12,294 320 478 51 542 608 629 797 812 932 945 947 ,c ,NoBound,_C.maj.c_D.min.c,2,2.5,2:min-->,2min_10maj_
56,30,7,C.maj.c,D.min7.c,B-.maj.c,C.maj.c,D.min7.c,B-.maj.c,C.maj.c,,,,,,,,,,,,,C.maj.c_D.min7.c_B-.maj.c_C.maj.c_D.min7.c_B-.maj.c_C.maj.c_,1.3752793655393791,####,2,1,352 ,c ,NoBound,_C.maj.c_D.min7.c_B-.maj.c,3,2.33,8:maj-->,2maj_2min7_8maj_
57,20,10,C.maj.c,D.min7.c,B-.maj.c,C.maj.c,D.min7.c,B-.maj.c,C.maj.c,D.min7.c,B-.maj.c,C.maj.c,,,,,,,,,,C.maj.c_D.min7.c_B-.maj.c_C.maj.c_D.min7.c_B-.maj.c_C.maj.c_D.min7.c_B-.maj.c_C.maj.c_,1.6854752972273344,##,2,1,352 ,c ,NoBound,_C.maj.c_D.min7.c_B-.maj.c,3,3.33,8:maj-->,2maj_2min7_8maj_
58,23,6,C.maj.c,D.sus.c,G.maj.c,C.maj.c,D.sus.c,G.maj.c,,,,,,,,,,,,,,C.maj.c_D.sus.c_G.maj.c_C.maj.c_D.sus.c_G.maj.c_,1.6277637415297184,##,5,5,1033 1188 1200 1218 46 ,c ,NoBound,_C.maj.c_D.sus.c_G.maj.c,3,2.0,5:maj-->,2sus_5maj_5maj_
59,26,6,C.maj.c,E-.maj.c,B-.maj.c,C.maj.c,E-.maj.c,B-.maj.c,,,,,,,,,,,,,,C.maj.c_E-.maj.c_B-.maj.c_C.maj.c_E-.maj.c_B-.maj.c_,1.3346791410515946,#,4,3,114 1246 370 ,c ,NoBound,_C.maj.c_E-.maj.c_B-.maj.c,3,2.0,7:maj-->,2maj_3maj_7maj_
60,22,6,C.maj.c,E-.maj.c,F.maj.c,C.maj.c,E-.maj.c,F.maj.c,,,,,,,,,,,,,,C.maj.c_E-.maj.c_F.maj.c_C.maj.c_E-.maj.c_F.maj.c_,1.3814608545340696,##,3,3,1062 414 699 ,c ,NoBound,_C.maj.c_E-.maj.c_F.maj.c,3,2.0,2:maj-->,2maj_7maj_3maj_
61,128,8,C.maj.c,F.maj.c,B-.maj.c,C.maj.c,F.maj.c,B-.maj.c,C.maj.c,F.maj.c,,,,,,,,,,,,C.maj.c_F.maj.c_B-.maj.c_C.maj.c_F.maj.c_B-.maj.c_C.maj.c_F.maj.c_,1.9343247504723649,##,23,17,1040 1045 148 217 231 324 385 421 43 443 448 467 589 690 72 720 791 ,c ,NoBound,_C.maj.c_F.maj.c_B-.maj.c,3,2.67,5:maj-->,2maj_5maj_5maj_
62,68,11,C.maj.c,F.maj.c,B-.maj.c,C.maj.c,F.maj.c,B-.maj.c,C.maj.c,F.maj.c,B-.maj.c,C.maj.c,F.maj.c,,,,,,,,,C.maj.c_F.maj.c_B-.maj.c_C.maj.c_F.maj.c_B-.maj.c_C.maj.c_F.maj.c_B-.maj.c_C.maj.c_F.maj.c_,1.9136310246178034,##,11,8,1040 148 324 43 448 467 72 791 ,c ,NoBound,_C.maj.c_F.maj.c_B-.maj.c,3,3.67,5:maj-->,2maj_5maj_5maj_
63,40,14,C.maj.c,F.maj.c,B-.maj.c,C.maj.c,F.maj.c,B-.maj.c,C.maj.c,F.maj.c,B-.maj.c,C.maj.c,F.maj.c,B-.maj.c,C.maj.c,F.maj.c,,,,,,C.maj.c_F.maj.c_B-.maj.c_C.maj.c_F.maj.c_B-.maj.c_C.maj.c_F.maj.c_B-.maj.c_C.maj.c_F.maj.c_B-.maj.c_C.maj.c_F.maj.c_,1.4498918734198725,##,9,6,148 324 43 448 72 791 ,c ,NoBound,_C.maj.c_F.maj.c_B-.maj.c,3,4.67,5:maj-->,2maj_5maj_5maj_
64,24,17,C.maj.c,F.maj.c,B-.maj.c,C.maj.c,F.maj.c,B-.maj.c,C.maj.c,F.maj.c,B-.maj.c,C.maj.c,F.maj.c,B-.maj.c,C.maj.c,F.maj.c,B-.maj.c,C.maj.c,F.maj.c,,,C.maj.c_F.maj.c_B-.maj.c_C.maj.c_F.maj.c_B-.maj.c_C.maj.c_F.maj.c_B-.maj.c_C.maj.c_F.maj.c_B-.maj.c_C.maj.c_F.maj.c_B-.maj.c_C.maj.c_F.maj.c_,1.8098225451324987,##,9,6,148 324 43 448 72 791 ,c ,NoBound,_C.maj.c_F.maj.c_B-.maj.c,3,5.67,5:maj-->,2maj_5maj_5maj_
65,21,14,C.maj.c,F.maj.c,B-.maj.c,F.maj.c,C.maj.c,F.maj.c,B-.maj.c,F.maj.c,C.maj.c,F.maj.c,B-.maj.c,F.maj.c,C.maj.c,F.maj.c,,,,,,C.maj.c_F.maj.c_B-.maj.c_F.maj.c_C.maj.c_F.maj.c_B-.maj.c_F.maj.c_C.maj.c_F.maj.c_B-.maj.c_F.maj.c_C.maj.c_F.maj.c_,1.3159669973441042,########,5,3,23 559 798 ,c ,NoBound,_C.maj.c_F.maj.c_B-.maj.c_F.maj.c,4,3.5,7:maj-->,5maj_5maj_7maj_7maj_
66,80,6,C.maj.c,F.maj.c,C.maj.c,B-.maj.c,C.maj.c,F.maj.c,,,,,,,,,,,,,,C.maj.c_F.maj.c_C.maj.c_B-.maj.c_C.maj.c_F.maj.c_,1.257913792966232,##,12,9,1142 1289 150 183 198 21 794 81 821 ,c ,NoBound,_C.maj.c_F.maj.c_C.maj.c_B-.maj.c,4,1.5,10:maj-->,2maj_5maj_7maj_10maj_
67,38,9,C.maj.c,F.maj.c,C.maj.c,B-.maj.c,C.maj.c,F.maj.c,C.maj.c,B-.maj.c,C.maj.c,,,,,,,,,,,C.maj.c_F.maj.c_C.maj.c_B-.maj.c_C.maj.c_F.maj.c_C.maj.c_B-.maj.c_C.maj.c_,1.3101291881577155,##,9,6,1142 150 198 794 81 821 ,c ,NoBound,_C.maj.c_F.maj.c_C.maj.c_B-.maj.c,4,2.25,10:maj-->,2maj_5maj_7maj_10maj_
68,24,14,C.maj.c,F.maj.c,C.maj.c,F.maj.c,C.maj.c,F.maj.c,C.maj.c,F.maj.c,C.maj.c,F.maj.c,C.maj.c,F.maj.c,C.maj.c,F.maj.c,,,,,,C.maj.c_F.maj.c_C.maj.c_F.maj.c_C.maj.c_F.maj.c_C.maj.c_F.maj.c_C.maj.c_F.maj.c_C.maj.c_F.maj.c_C.maj.c_F.maj.c_,1.5220552088742005,#####,6,5,1113 254 293 468 674 ,c ,NoBound,_C.maj.c_F.maj.c,2,7.0,5:maj-->,5maj_7maj_
69,35,11,C.maj.c,F.maj.c,C.maj.c,G.maj.c,C.maj.c,F.maj.c,C.maj.c,G.maj.c,C.maj.c,F.maj.c,C.maj.c,,,,,,,,,C.maj.c_F.maj.c_C.maj.c_G.maj.c_C.maj.c_F.maj.c_C.maj.c_G.maj.c_C.maj.c_F.maj.c_C.maj.c_,1.2326555152760048,#####,7,5,191 23 559 798 905 ,c ,NoBound,_C.maj.c_F.maj.c_C.maj.c_G.maj.c,4,2.75,7:maj-->,5maj_5maj_7maj_7maj_
70,21,13,C.maj.c,F.maj.c,C.maj.c,G.maj.c,C.maj.c,F.maj.c,C.maj.c,G.maj.c,C.maj.c,F.maj.c,C.maj.c,G.maj.c,C.maj.c,,,,,,,C.maj.c_F.maj.c_C.maj.c_G.maj.c_C.maj.c_F.maj.c_C.maj.c_G.maj.c_C.maj.c_F.maj.c_C.maj.c_G.maj.c_C.maj.c_,1.3159669973441042,#,5,3,23 559 798 ,c ,NoBound,_C.maj.c_F.maj.c_C.maj.c_G.maj.c,4,3.25,7:maj-->,5maj_5maj_7maj_7maj_
71,55,5,C.maj.c,F.maj.c,D.min.c,B-.maj.c,C.maj.c,,,,,,,,,,,,,,,C.maj.c_F.maj.c_D.min.c_B-.maj.c_C.maj.c_,2.108619615565991,#,16,9,1094 145 198 401 511 54 568 749 992 ,c ,NoBound,_C.maj.c_F.maj.c_D.min.c_B-.maj.c,4,1.25,8:maj-->,2maj_5maj_9min_8maj_
72,23,6,C.maj.c,F.maj.c,G.7.c,C.maj.c,F.maj.c,G.7.c,,,,,,,,,,,,,,C.maj.c_F.maj.c_G.7.c_C.maj.c_F.maj.c_G.7.c_,1.4154372473067622,#,4,4,1154 463 472 477 ,c ,NoBound,_C.maj.c_F.maj.c_G.7.c,3,2.0,2:7-->,27_5maj_5maj_
73,233,6,C.maj.c,F.maj.c,G.maj.c,C.maj.c,F.maj.c,G.maj.c,,,,,,,,,,,,,,C.maj.c_F.maj.c_G.maj.c_C.maj.c_F.maj.c_G.maj.c_,1.3577664984287432,#,38,26,101 1040 1045 148 217 231 235 290 30 324 385 387 421 427 43 443 448 465 467 589 620 66 690 72 720 791 ,c ,NoBound,_C.maj.c_F.maj.c_G.maj.c,3,2.0,2:maj-->,2maj_5maj_5maj_
74,103,10,C.maj.c,F.maj.c,G.maj.c,C.maj.c,F.maj.c,G.maj.c,C.maj.c,F.maj.c,G.maj.c,C.maj.c,,,,,,,,,,C.maj.c_F.maj.c_G.maj.c_C.maj.c_F.maj.c_G.maj.c_C.maj.c_F.maj.c_G.maj.c_C.maj.c_,1.4798720054762466,##,18,13,1040 1045 148 324 385 43 443 448 467 589 72 720 791 ,c ,NoBound,_C.maj.c_F.maj.c_G.maj.c,3,3.33,2:maj-->,2maj_5maj_5maj_
75,59,13,C.maj.c,F.maj.c,G.maj.c,C.maj.c,F.maj.c,G.maj.c,C.maj.c,F.maj.c,G.maj.c,C.maj.c,F.maj.c,G.maj.c,C.maj.c,,,,,,,C.maj.c_F.maj.c_G.maj.c_C.maj.c_F.maj.c_G.maj.c_C.maj.c_F.maj.c_G.maj.c_C.maj.c_F.maj.c_G.maj.c_C.maj.c_,1.807820681709216,##,11,8,1040 148 324 43 448 467 72 791 ,c ,NoBound,_C.maj.c_F.maj.c_G.maj.c,3,4.33,2:maj-->,2maj_5maj_5maj_
76,36,16,C.maj.c,F.maj.c,G.maj.c,C.maj.c,F.maj.c,G.maj.c,C.maj.c,F.maj.c,G.maj.c,C.maj.c,F.maj.c,G.maj.c,C.maj.c,F.maj.c,G.maj.c,C.maj.c,,,,C.maj.c_F.maj.c_G.maj.c_C.maj.c_F.maj.c_G.maj.c_C.maj.c_F.maj.c_G.maj.c_C.maj.c_F.maj.c_G.maj.c_C.maj.c_F.maj.c_G.maj.c_C.maj.c_,1.5561359807654203,##,9,6,148 324 43 448 72 791 ,c ,NoBound,_C.maj.c_F.maj.c_G.maj.c,3,5.33,2:maj-->,2maj_5maj_5maj_
77,20,19,C.maj.c,F.maj.c,G.maj.c,C.maj.c,F.maj.c,G.maj.c,C.maj.c,F.maj.c,G.maj.c,C.maj.c,F.maj.c,G.maj.c,C.maj.c,F.maj.c,G.maj.c,C.maj.c,F.maj.c,G.maj.c,C.maj.c,C.maj.c_F.maj.c_G.maj.c_C.maj.c_F.maj.c_G.maj.c_C.maj.c_F.maj.c_G.maj.c_C.maj.c_F.maj.c_G.maj.c_C.maj.c_F.maj.c_G.maj.c_C.maj.c_F.maj.c_G.maj.c_C.maj.c_,1.3567796494470397,##,5,3,324 448 791 ,c ,NoBound,_C.maj.c_F.maj.c_G.maj.c,3,6.33,2:maj-->,2maj_5maj_5maj_
78,27,8,C.maj.c,F.maj.c,G.maj.c,F.maj.c,C.maj.c,F.maj.c,G.maj.c,F.maj.c,,,,,,,,,,,,C.maj.c_F.maj.c_G.maj.c_F.maj.c_C.maj.c_F.maj.c_G.maj.c_F.maj.c_,1.4534670297316536,###,2,2,339 83 ,c ,NoBound,_C.maj.c_F.maj.c_G.maj.c_F.maj.c,4,2.0,10:maj-->,2maj_10maj_7maj_5maj_
79,40,3,C.maj.c,F.sus.c,F.maj.c,,,,,,,,,,,,,,,,,C.maj.c_F.sus.c_F.maj.c_,1.9643340317924087,#,6,6,100 1126 354 372 540 752 ,c ,NoBound,_C.maj.c_F.sus.c_F.maj.c,3,1.0,0:maj-->,0maj_7maj_5sus_
80,29,5,C.maj.c,G.maj.c,A.maj.c,C.maj.c,G.maj.c,,,,,,,,,,,,,,,C.maj.c_G.maj.c_A.maj.c_C.maj.c_G.maj.c_,1.2641741758256733,#,5,4,114 1246 370 567 ,c ,NoBound,_C.maj.c_G.maj.c_A.maj.c,3,1.67,2:maj-->,2maj_3maj_7maj_
81,66,9,C.maj.c,G.maj.c,C.maj.c,G.maj.c,C.maj.c,G.maj.c,C.maj.c,G.maj.c,C.maj.c,,,,,,,,,,,C.maj.c_G.maj.c_C.maj.c_G.maj.c_C.maj.c_G.maj.c_C.maj.c_G.maj.c_C.maj.c_,1.7146580615110891,#,15,11,1061 1113 139 147 229 245 254 293 318 468 674 ,c ,NoBound,_C.maj.c_G.maj.c,2,4.5,7:maj-->,5maj_7maj_
82,38,11,C.maj.c,G.maj.c,C.maj.c,G.maj.c,C.maj.c,G.maj.c,C.maj.c,G.maj.c,C.maj.c,G.maj.c,C.maj.c,,,,,,,,,C.maj.c_G.maj.c_C.maj.c_G.maj.c_C.maj.c_G.maj.c_C.maj.c_G.maj.c_C.maj.c_G.maj.c_C.maj.c_,1.2902637275744662,#,7,6,1113 245 254 293 468 674 ,c ,NoBound,_C.maj.c_G.maj.c,2,5.5,7:maj-->,5maj_7maj_
83,24,13,C.maj.c,G.maj.c,C.maj.c,G.maj.c,C.maj.c,G.maj.c,C.maj.c,G.maj.c,C.maj.c,G.maj.c,C.maj.c,G.maj.c,C.maj.c,,,,,,,C.maj.c_G.maj.c_C.maj.c_G.maj.c_C.maj.c_G.maj.c_C.maj.c_G.maj.c_C.maj.c_G.maj.c_C.maj.c_G.maj.c_C.maj.c_,1.5220552088742005,#,6,5,1113 254 293 468 674 ,c ,NoBound,_C.maj.c_G.maj.c,2,6.5,7:maj-->,5maj_7maj_
84,82,8,C.maj.c,G.maj.c,D.maj.c,C.maj.c,G.maj.c,D.maj.c,C.maj.c,G.maj.c,,,,,,,,,,,,C.maj.c_G.maj.c_D.maj.c_C.maj.c_G.maj.c_D.maj.c_C.maj.c_G.maj.c_,1.8119496471317342,##,11,9,1086 209 317 74 75 762 810 886 889 ,c ,NoBound,_C.maj.c_G.maj.c_D.maj.c,3,2.67,7:maj-->,7maj_7maj_10maj_
85,46,11,C.maj.c,G.maj.c,D.maj.c,C.maj.c,G.maj.c,D.maj.c,C.maj.c,G.maj.c,D.maj.c,C.maj.c,G.maj.c,,,,,,,,,C.maj.c_G.maj.c_D.maj.c_C.maj.c_G.maj.c_D.maj.c_C.maj.c_G.maj.c_D.maj.c_C.maj.c_G.maj.c_,2.1346111394756955,##,8,7,1086 209 74 75 762 810 886 ,c ,NoBound,_C.maj.c_G.maj.c_D.maj.c,3,3.67,7:maj-->,7maj_7maj_10maj_
86,24,5,C.maj.c,G.maj.c,E.min.c,D.maj.c,C.maj.c,,,,,,,,,,,,,,,C.maj.c_G.maj.c_E.min.c_D.maj.c_C.maj.c_,1.2593984370492772,#,3,3,1011 1177 952 ,c ,NoBound,_C.maj.c_G.maj.c_E.min.c_D.maj.c,4,1.25,10:maj-->,7maj_9min_10maj_10maj_
87,24,8,C.maj.c,G.maj.c,E.min7.c,C.maj7.c,D.7.c,C.maj7.c,G.maj.c,D.maj.c,,,,,,,,,,,,C.maj.c_G.maj.c_E.min7.c_C.maj7.c_D.7.c_C.maj7.c_G.maj.c_D.maj.c_,1.2987949406953985,####,3,1,705 ,c ,NoBound,_C.maj.c_G.maj.c_E.min7.c_C.maj7.c_D.7.c_C.maj7.c_G.maj.c_D.maj.c,8,1.0,7:maj-->,27_10maj7_7maj_7maj_10maj_7maj_9min7_8maj7_
88,31,6,C.maj.c,G.maj.c,F.maj.c,C.maj.c,F.maj.c,C.maj.c,,,,,,,,,,,,,,C.maj.c_G.maj.c_F.maj.c_C.maj.c_F.maj.c_C.maj.c_,1.5764342860182259,#,10,8,1135 187 560 610 707 852 948 995 ,c ,NoBound,_C.maj.c_G.maj.c_F.maj.c_C.maj.c_F.maj.c,5,1.2,5:maj-->,5maj_7maj_7maj_10maj_7maj_
89,97,7,C.maj.c,G.maj.c,F.maj.c,C.maj.c,G.maj.c,F.maj.c,C.maj.c,,,,,,,,,,,,,C.maj.c_G.maj.c_F.maj.c_C.maj.c_G.maj.c_F.maj.c_C.maj.c_,1.7249410328783872,##,12,10,1086 209 317 74 75 762 810 886 889 946 ,c ,NoBound,_C.maj.c_G.maj.c_F.maj.c,3,2.33,10:maj-->,7maj_7maj_10maj_
90,57,10,C.maj.c,G.maj.c,F.maj.c,C.maj.c,G.maj.c,F.maj.c,C.maj.c,G.maj.c,F.maj.c,C.maj.c,,,,,,,,,,C.maj.c_G.maj.c_F.maj.c_C.maj.c_G.maj.c_F.maj.c_C.maj.c_G.maj.c_F.maj.c_C.maj.c_,2.175284547378102,##,11,9,1086 209 317 74 75 762 810 886 889 ,c ,NoBound,_C.maj.c_G.maj.c_F.maj.c,3,3.33,10:maj-->,7maj_7maj_10maj_
91,30,12,C.maj.c,G.maj.c,F.maj.c,C.maj.c,G.maj.c,F.maj.c,C.maj.c,G.maj.c,F.maj.c,C.maj.c,G.maj.c,F.maj.c,,,,,,,,C.maj.c_G.maj.c_F.maj.c_C.maj.c_G.maj.c_F.maj.c_C.maj.c_G.maj.c_F.maj.c_C.maj.c_G.maj.c_F.maj.c_,1.2388264292981421,#,8,6,1086 209 317 75 810 889 ,c ,NoBound,_C.maj.c_G.maj.c_F.maj.c,3,4.0,10:maj-->,7maj_7maj_10maj_
92,49,9,C.maj.c,G.maj.c,F.maj.c,G.maj.c,C.maj.c,G.maj.c,F.maj.c,G.maj.c,C.maj.c,,,,,,,,,,,C.maj.c_G.maj.c_F.maj.c_G.maj.c_C.maj.c_G.maj.c_F.maj.c_G.maj.c_C.maj.c_,1.3174656746346614,###,9,6,1142 1289 150 198 81 821 ,c ,NoBound,_C.maj.c_G.maj.c_F.maj.c_G.maj.c,4,2.25,2:maj-->,2maj_5maj_7maj_10maj_
93,32,6,C.maj.d,G.maj.d,C.maj.d,G.maj.d,C.maj.d,G.maj.d,,,,,,,,,,,,,,C.maj.d_G.maj.d_C.maj.d_G.maj.d_C.maj.d_G.maj.d_,1.6799451311431488,#,22,18,1009 1018 1139 1177 139 191 203 207 330 468 492 559 560 662 674 752 900 967 ,d ,NoBound,_C.maj.d_G.maj.d,2,3.0,7:maj-->,5maj_7maj_
94,31,5,C.maj.d,G.maj.d,D.maj.d,C.maj.d,G.maj.d,,,,,,,,,,,,,,,C.maj.d_G.maj.d_D.maj.d_C.maj.d_G.maj.d_,1.3494078948165236,#,12,9,128 317 560 690 74 75 810 901 946 ,d ,NoBound,_C.maj.d_G.maj.d_D.maj.d,3,1.67,7:maj-->,7maj_7maj_10maj_
95,38,4,C.maj.d,G.maj.d,F.maj.d,C.maj.d,,,,,,,,,,,,,,,,C.maj.d_G.maj.d_F.maj.d_C.maj.d_,1.5542152173683612,#,17,12,128 150 209 317 560 690 705 74 75 810 901 946 ,d ,NoBound,_C.maj.d_G.maj.d_F.maj.d,3,1.33,10:maj-->,7maj_7maj_10maj_
96,24,4,C.maj.i,A.min.i,F.maj.i,G.maj.i,,,,,,,,,,,,,,,,C.maj.i_A.min.i_F.maj.i_G.maj.i_,1.8640054628542204,#,21,13,1063 112 1210 145 157 253 371 434 54 623 67 749 964 ,i ,NoBound,_C.maj.i_A.min.i_F.maj.i_G.maj.i,4,1.0,2:maj-->,2maj_5maj_9min_8maj_
97,30,6,C.maj.l,B-.maj.l,F.maj.l,C.maj.l,B-.maj.l,F.maj.l,,,,,,,,,,,,,,C.maj.l_B-.maj.l_F.maj.l_C.maj.l_B-.maj.l_F.maj.l_,1.3196482417969362,#,10,9,107 209 406 50 589 75 762 810 852 ,l ,NoBound,_C.maj.l_B-.maj.l_F.maj.l,3,2.0,7:maj-->,7maj_7maj_10maj_
98,21,3,C.maj.l,C.sus.l,C.maj.l,,,,,,,,,,,,,,,,,C.maj.l_C.sus.l_C.maj.l_,2.4516084941043093,#,10,6,1076 229 348 469 512 822 ,l ,NoBound,_C.maj.l_C.sus.l,2,1.5,0:sus-->,0maj_0sus_
99,38,5,C.maj.l,G.maj.l,D.maj.l,C.maj.l,G.maj.l,,,,,,,,,,,,,,,C.maj.l_G.maj.l_D.maj.l_C.maj.l_G.maj.l_,1.7289483640752872,#,16,14,107 1177 1265 206 209 406 50 560 589 75 762 810 852 948 ,l ,NoBound,_C.maj.l_G.maj.l_D.maj.l,3,1.67,7:maj-->,7maj_7maj_10maj_
100,99,4,C.maj.o,G.maj.o,F.maj.o,C.maj.o,,,,,,,,,,,,,,,,C.maj.o_G.maj.o_F.maj.o_C.maj.o_,1.2749867021550303,#,19,17,1002 1034 107 1086 1208 130 187 53 545 589 621 655 675 690 901 991 995 ,o ,NoBound,_C.maj.o_G.maj.o_F.maj.o,3,1.33,10:maj-->,7maj_7maj_10maj_
101,33,3,C.maj.p,C.sus.p,C.maj.p,,,,,,,,,,,,,,,,,C.maj.p_C.sus.p_C.maj.p_,2.6908336076794614,#,6,6,231 234 354 656 68 913 ,p ,NoBound,_C.maj.p_C.sus.p,2,1.5,0:sus-->,0maj_0sus_
102,27,5,C.maj.p,D.maj.p,E.min.p,C.maj.p,D.maj.p,,,,,,,,,,,,,,,C.maj.p_D.maj.p_E.min.p_C.maj.p_D.maj.p_,1.3800943362833298,#,5,4,1051 1279 352 44 ,p ,NoBound,_C.maj.p_D.maj.p_E.min.p,3,1.67,2:min-->,2maj_2min_8maj_
103,33,4,C.maj.p,D.min.p,B-.maj.p,C.maj.p,,,,,,,,,,,,,,,,C.maj.p_D.min.p_B-.maj.p_C.maj.p_,1.2496392378801418,#,5,4,1051 1279 352 44 ,p ,NoBound,_C.maj.p_D.min.p_B-.maj.p,3,1.33,8:maj-->,2maj_2min_8maj_
104,21,4,C.maj.p,F.maj.p,F.sus.p,F.maj.p,,,,,,,,,,,,,,,,C.maj.p_F.maj.p_F.sus.p_F.maj.p_,2.022106112739839,#,3,3,234 354 68 ,p ,NoBound,_C.maj.p_F.maj.p_F.sus.p_F.maj.p,4,1.0,0:maj-->,0maj_7maj_5maj_0sus_
105,22,3,C.maj.u,C.sus.u,C.maj.u,,,,,,,,,,,,,,,,,C.maj.u_C.sus.u_C.maj.u_,2.2312702546075758,#,9,8,207 348 421 555 668 706 711 775 ,u ,NoBound,_C.maj.u_C.sus.u,2,1.5,0:sus-->,0maj_0sus_
106,27,7,C.maj.u,F.maj.u,C.maj.u,F.maj.u,C.maj.u,F.maj.u,C.maj.u,,,,,,,,,,,,,C.maj.u_F.maj.u_C.maj.u_F.maj.u_C.maj.u_F.maj.u_C.maj.u_,1.986187965046303,#,12,12,1100 1117 1119 244 456 619 706 889 891 952 991 995 ,u ,NoBound,_C.maj.u_F.maj.u,2,3.5,5:maj-->,5maj_7maj_
107,41,6,C.maj.u,G.maj.u,C.maj.u,G.maj.u,C.maj.u,G.maj.u,,,,,,,,,,,,,,C.maj.u_G.maj.u_C.maj.u_G.maj.u_C.maj.u_G.maj.u_,2.051481882139189,#,15,14,1100 1117 1119 244 456 457 53 619 706 889 891 952 991 995 ,u ,NoBound,_C.maj.u_G.maj.u,2,3.0,7:maj-->,5maj_7maj_
108,53,8,C.maj.v,A.min.v,F.maj.v,G.maj.v,C.maj.v,A.min.v,F.maj.v,G.maj.v,,,,,,,,,,,,C.maj.v_A.min.v_F.maj.v_G.maj.v_C.maj.v_A.min.v_F.maj.v_G.maj.v_,1.3808383971647449,##,14,9,1094 119 1228 253 355 54 549 571 620 ,v ,NoBound,_C.maj.v_A.min.v_F.maj.v_G.maj.v,4,2.0,2:maj-->,2maj_5maj_9min_8maj_
109,20,4,C.maj.v,A.min7.v,C.maj.v,A.min7.v,,,,,,,,,,,,,,,,C.maj.v_A.min7.v_C.maj.v_A.min7.v_,2.2464393446710154,#,4,2,390 670 ,v ,NoBound,_C.maj.v_A.min7.v,2,2.0,9:min7-->,3maj_9min7_
110,55,10,C.maj.v,B-.maj.v,C.maj.v,B-.maj.v,C.maj.v,B-.maj.v,C.maj.v,B-.maj.v,C.maj.v,B-.maj.v,,,,,,,,,,C.maj.v_B-.maj.v_C.maj.v_B-.maj.v_C.maj.v_B-.maj.v_C.maj.v_B-.maj.v_C.maj.v_B-.maj.v_,1.3148209464457246,#,9,7,1109 415 448 53 637 706 834 ,v ,NoBound,_C.maj.v_B-.maj.v,2,5.0,10:maj-->,2maj_10maj_
111,35,12,C.maj.v,B-.maj.v,C.maj.v,B-.maj.v,C.maj.v,B-.maj.v,C.maj.v,B-.maj.v,C.maj.v,B-.maj.v,C.maj.v,B-.maj.v,,,,,,,,C.maj.v_B-.maj.v_C.maj.v_B-.maj.v_C.maj.v_B-.maj.v_C.maj.v_B-.maj.v_C.maj.v_B-.maj.v_C.maj.v_B-.maj.v_,1.7510354204205674,#,7,5,415 448 53 637 706 ,v ,NoBound,_C.maj.v_B-.maj.v,2,6.0,10:maj-->,2maj_10maj_
112,31,7,C.maj.v,B-.maj.v,C.maj.v,F.maj.v,C.maj.v,B-.maj.v,C.maj.v,,,,,,,,,,,,,C.maj.v_B-.maj.v_C.maj.v_F.maj.v_C.maj.v_B-.maj.v_C.maj.v_,1.313474274509972,##,10,7,1142 300 385 6 794 821 834 ,v ,NoBound,_C.maj.v_B-.maj.v_C.maj.v_F.maj.v,4,1.75,5:maj-->,2maj_5maj_7maj_10maj_
113,41,6,C.maj.v,B-.maj.v,F.maj.v,B-.maj.v,C.maj.v,B-.maj.v,,,,,,,,,,,,,,C.maj.v_B-.maj.v_F.maj.v_B-.maj.v_C.maj.v_B-.maj.v_,1.2309733193393047,#,6,5,1119 1171 238 29 935 ,v ,NoBound,_C.maj.v_B-.maj.v_F.maj.v_B-.maj.v,4,1.5,5:maj-->,2maj_10maj_7maj_5maj_
114,162,6,C.maj.v,B-.maj.v,F.maj.v,C.maj.v,B-.maj.v,F.maj.v,,,,,,,,,,,,,,C.maj.v_B-.maj.v_F.maj.v_C.maj.v_B-.maj.v_F.maj.v_,1.7281799805669913,#,25,22,100 1002 107 1249 1265 162 209 271 300 389 406 555 589 621 67 71 74 75 762 810 852 886 ,v ,NoBound,_C.maj.v_B-.maj.v_F.maj.v,3,2.0,7:maj-->,7maj_7maj_10maj_
115,94,9,C.maj.v,B-.maj.v,F.maj.v,C.maj.v,B-.maj.v,F.maj.v,C.maj.v,B-.maj.v,F.maj.v,,,,,,,,,,,C.maj.v_B-.maj.v_F.maj.v_C.maj.v_B-.maj.v_F.maj.v_C.maj.v_B-.maj.v_F.maj.v_,1.6381865060482825,#,14,13,1002 107 1265 389 406 589 621 74 75 762 810 852 886 ,v ,NoBound,_C.maj.v_B-.maj.v_F.maj.v,3,3.0,7:maj-->,7maj_7maj_10maj_
116,56,12,C.maj.v,B-.maj.v,F.maj.v,C.maj.v,B-.maj.v,F.maj.v,C.maj.v,B-.maj.v,F.maj.v,C.maj.v,B-.maj.v,F.maj.v,,,,,,,,C.maj.v_B-.maj.v_F.maj.v_C.maj.v_B-.maj.v_F.maj.v_C.maj.v_B-.maj.v_F.maj.v_C.maj.v_B-.maj.v_F.maj.v_,2.3122009201884075,#,8,8,1002 107 1265 589 621 74 810 852 ,v ,NoBound,_C.maj.v_B-.maj.v_F.maj.v,3,4.0,7:maj-->,7maj_7maj_10maj_
117,30,15,C.maj.v,B-.maj.v,F.maj.v,C.maj.v,B-.maj.v,F.maj.v,C.maj.v,B-.maj.v,F.maj.v,C.maj.v,B-.maj.v,F.maj.v,C.maj.v,B-.maj.v,F.maj.v,,,,,C.maj.v_B-.maj.v_F.maj.v_C.maj.v_B-.maj.v_F.maj.v_C.maj.v_B-.maj.v_F.maj.v_C.maj.v_B-.maj.v_F.maj.v_C.maj.v_B-.maj.v_F.maj.v_,1.3054930959648088,##,3,3,1265 589 621 ,v ,NoBound,_C.maj.v_B-.maj.v_F.maj.v,3,5.0,7:maj-->,7maj_7maj_10maj_
118,21,18,C.maj.v,B-.maj.v,F.maj.v,C.maj.v,B-.maj.v,F.maj.v,C.maj.v,B-.maj.v,F.maj.v,C.maj.v,B-.maj.v,F.maj.v,C.maj.v,B-.maj.v,F.maj.v,C.maj.v,B-.maj.v,F.maj.v,,C.maj.v_B-.maj.v_F.maj.v_C.maj.v_B-.maj.v_F.maj.v_C.maj.v_B-.maj.v_F.maj.v_C.maj.v_B-.maj.v_F.maj.v_C.maj.v_B-.maj.v_F.maj.v_C.maj.v_B-.maj.v_F.maj.v_,1.6636046175975006,##,2,2,589 621 ,v ,NoBound,_C.maj.v_B-.maj.v_F.maj.v,3,6.0,7:maj-->,7maj_7maj_10maj_
119,26,4,C.maj.v,C.7.v,C.maj.v,C.7.v,,,,,,,,,,,,,,,,C.maj.v_C.7.v_C.maj.v_C.7.v_,2.332611917781969,#,6,4,382 461 841 943 ,v ,NoBound,_C.maj.v_C.7.v,2,2.0,0:7-->,07_0maj_
120,29,6,C.maj.v,C.7.v,F.maj.v,C.maj.v,G.7.v,C.maj.v,,,,,,,,,,,,,,C.maj.v_C.7.v_F.maj.v_C.maj.v_G.7.v_C.maj.v_,2.595027446664113,#,11,8,1006 1041 1116 1194 472 678 822 875 ,v ,NoBound,_C.maj.v_C.7.v_F.maj.v_C.maj.v_G.7.v,5,1.2,7:7-->,07_5maj_7maj_77_5maj_
121,35,4,C.maj.v,C.maj6.v,C.maj7.v,C.maj6.v,,,,,,,,,,,,,,,,C.maj.v_C.maj6.v_C.maj7.v_C.maj6.v_,2.133097539283719,##,6,4,102 153 390 734 ,v ,NoBound,_C.maj.v_C.maj6.v_C.maj7.v_C.maj6.v,4,1.0,0:maj6-->,0maj_0maj6_0maj7_0maj6_
122,26,3,C.maj.v,C.min7.v,D.min.v,,,,,,,,,,,,,,,,,C.maj.v_C.min7.v_D.min.v_,1.3544149756186805,#,1,1,550 ,v ,NoBound,_C.maj.v_C.min7.v_D.min.v,3,1.0,2:min-->,0min7_2min_10maj_
123,219,3,C.maj.v,C.sus.v,C.maj.v,,,,,,,,,,,,,,,,,C.maj.v_C.sus.v_C.maj.v_,2.4502739047305973,#,27,20,1048 1066 1116 1188 1234 1256 182 229 265 461 469 507 512 518 651 747 813 822 894 973 ,v ,NoBound,_C.maj.v_C.sus.v,2,1.5,0:sus-->,0maj_0sus_
124,26,16,C.maj.v,C.sus.v,C.maj.v,C.sus.v,C.maj.v,C.sus.v,C.maj.v,C.sus.v,C.maj.v,C.sus.v,C.maj.v,C.sus.v,C.maj.v,C.sus.v,C.maj.v,C.sus.v,,,,C.maj.v_C.sus.v_C.maj.v_C.sus.v_C.maj.v_C.sus.v_C.maj.v_C.sus.v_C.maj.v_C.sus.v_C.maj.v_C.sus.v_C.maj.v_C.sus.v_C.maj.v_C.sus.v_,1.2389012566026305,############,2,1,461 ,v ,NoBound,_C.maj.v_C.sus.v,2,8.0,0:sus-->,0maj_0sus_
125,60,9,C.maj.v,D.maj.v,C.maj.v,D.maj.v,C.maj.v,D.maj.v,C.maj.v,D.maj.v,C.maj.v,,,,,,,,,,,C.maj.v_D.maj.v_C.maj.v_D.maj.v_C.maj.v_D.maj.v_C.maj.v_D.maj.v_C.maj.v_,1.2388264292981421,#,9,7,1109 415 448 53 637 706 834 ,v ,NoBound,_C.maj.v_D.maj.v,2,4.5,2:maj-->,2maj_10maj_
126,40,11,C.maj.v,D.maj.v,C.maj.v,D.maj.v,C.maj.v,D.maj.v,C.maj.v,D.maj.v,C.maj.v,D.maj.v,C.maj.v,,,,,,,,,C.maj.v_D.maj.v_C.maj.v_D.maj.v_C.maj.v_D.maj.v_C.maj.v_D.maj.v_C.maj.v_D.maj.v_C.maj.v_,1.6166422780956526,#,8,6,415 448 53 637 706 834 ,v ,NoBound,_C.maj.v_D.maj.v,2,5.5,2:maj-->,2maj_10maj_
127,22,13,C.maj.v,D.maj.v,C.maj.v,D.maj.v,C.maj.v,D.maj.v,C.maj.v,D.maj.v,C.maj.v,D.maj.v,C.maj.v,D.maj.v,C.maj.v,,,,,,,C.maj.v_D.maj.v_C.maj.v_D.maj.v_C.maj.v_D.maj.v_C.maj.v_D.maj.v_C.maj.v_D.maj.v_C.maj.v_D.maj.v_C.maj.v_,1.6858157091530304,#,5,4,415 448 637 706 ,v ,NoBound,_C.maj.v_D.maj.v,2,6.5,2:maj-->,2maj_10maj_
128,61,5,C.maj.v,D.maj.v,E.min.v,C.maj.v,D.maj.v,,,,,,,,,,,,,,,C.maj.v_D.maj.v_E.min.v_C.maj.v_D.maj.v_,1.8528721813617202,#,12,7,1279 155 16 281 334 352 572 ,v ,NoBound,_C.maj.v_D.maj.v_E.min.v,3,1.67,2:min-->,2maj_2min_8maj_
129,30,8,C.maj.v,D.maj.v,E.min.v,C.maj.v,D.maj.v,E.min.v,C.maj.v,D.maj.v,,,,,,,,,,,,C.maj.v_D.maj.v_E.min.v_C.maj.v_D.maj.v_E.min.v_C.maj.v_D.maj.v_,1.4716022614097979,##,6,4,1279 155 334 572 ,v ,NoBound,_C.maj.v_D.maj.v_E.min.v,3,2.67,2:min-->,2maj_2min_8maj_
130,177,5,C.maj.v,D.maj.v,G.maj.v,C.maj.v,D.maj.v,,,,,,,,,,,,,,,C.maj.v_D.maj.v_G.maj.v_C.maj.v_D.maj.v_,1.2149003927079354,#,30,25,1104 1190 1203 1208 19 212 224 249 254 294 355 372 443 467 555 615 623 66 71 758 785 838 843 845 973 ,v ,NoBound,_C.maj.v_D.maj.v_G.maj.v,3,1.67,5:maj-->,2maj_5maj_5maj_
131,66,9,C.maj.v,D.maj.v,G.maj.v,C.maj.v,D.maj.v,G.maj.v,C.maj.v,D.maj.v,G.maj.v,,,,,,,,,,,C.maj.v_D.maj.v_G.maj.v_C.maj.v_D.maj.v_G.maj.v_C.maj.v_D.maj.v_G.maj.v_,1.5294027749515076,##,12,9,1104 1203 1208 467 615 66 71 843 845 ,v ,NoBound,_C.maj.v_D.maj.v_G.maj.v,3,3.0,5:maj-->,2maj_5maj_5maj_
132,39,11,C.maj.v,D.maj.v,G.maj.v,C.maj.v,D.maj.v,G.maj.v,C.maj.v,D.maj.v,G.maj.v,C.maj.v,D.maj.v,,,,,,,,,C.maj.v_D.maj.v_G.maj.v_C.maj.v_D.maj.v_G.maj.v_C.maj.v_D.maj.v_G.maj.v_C.maj.v_D.maj.v_,1.5006283791521189,#,10,7,1104 1208 467 615 66 843 845 ,v ,NoBound,_C.maj.v_D.maj.v_G.maj.v,3,3.67,5:maj-->,2maj_5maj_5maj_
133,39,6,C.maj.v,D.maj.v,G.maj.v,D.maj.v,C.maj.v,D.maj.v,,,,,,,,,,,,,,C.maj.v_D.maj.v_G.maj.v_D.maj.v_C.maj.v_D.maj.v_,1.568317086199893,#,12,9,1142 258 300 349 385 6 794 821 834 ,v ,NoBound,_C.maj.v_D.maj.v_G.maj.v_D.maj.v,4,1.5,7:maj-->,2maj_5maj_7maj_10maj_
134,60,6,C.maj.v,D.maj.v,G.maj.v,E.min.v,C.maj.v,D.maj.v,,,,,,,,,,,,,,C.maj.v_D.maj.v_G.maj.v_E.min.v_C.maj.v_D.maj.v_,1.6611906912218797,##,17,12,1094 119 1228 1270 19 253 355 54 549 571 620 992 ,v ,NoBound,_C.maj.v_D.maj.v_G.maj.v_E.min.v,4,1.5,9:min-->,2maj_5maj_9min_8maj_
135,32,7,C.maj.v,D.min.v,B-.maj.v,C.maj.v,D.min.v,B-.maj.v,C.maj.v,,,,,,,,,,,,,C.maj.v_D.min.v_B-.maj.v_C.maj.v_D.min.v_B-.maj.v_C.maj.v_,1.7169171866886992,##,8,5,1279 155 334 352 572 ,v ,NoBound,_C.maj.v_D.min.v_B-.maj.v,3,2.33,8:maj-->,2maj_2min_8maj_
136,53,5,C.maj.v,D.min.v,C.maj.v,D.min.v,C.maj.v,,,,,,,,,,,,,,,C.maj.v_D.min.v_C.maj.v_D.min.v_C.maj.v_,1.84817959800548,#,13,11,1073 196 246 479 481 542 62 629 749 812 945 ,v ,NoBound,_C.maj.v_D.min.v,2,2.5,2:min-->,2min_10maj_
137,28,7,C.maj.v,D.min.v,C.maj.v,D.min.v,C.maj.v,D.min.v,C.maj.v,,,,,,,,,,,,,C.maj.v_D.min.v_C.maj.v_D.min.v_C.maj.v_D.min.v_C.maj.v_,1.6743986930257637,#,8,6,1073 246 481 62 629 812 ,v ,NoBound,_C.maj.v_D.min.v,2,3.5,2:min-->,2min_10maj_
138,80,8,C.maj.v,F.maj.v,B-.maj.v,C.maj.v,F.maj.v,B-.maj.v,C.maj.v,F.maj.v,,,,,,,,,,,,C.maj.v_F.maj.v_B-.maj.v_C.maj.v_F.maj.v_B-.maj.v_C.maj.v_F.maj.v_,1.3527114045346558,##,13,10,1104 1203 1208 254 467 615 66 71 843 845 ,v ,NoBound,_C.maj.v_F.maj.v_B-.maj.v,3,2.67,5:maj-->,2maj_5maj_5maj_
139,50,10,C.maj.v,F.maj.v,B-.maj.v,C.maj.v,F.maj.v,B-.maj.v,C.maj.v,F.maj.v,B-.maj.v,C.maj.v,,,,,,,,,,C.maj.v_F.maj.v_B-.maj.v_C.maj.v_F.maj.v_B-.maj.v_C.maj.v_F.maj.v_B-.maj.v_C.maj.v_,1.291314688649721,#,10,7,1104 1208 467 615 66 843 845 ,v ,NoBound,_C.maj.v_F.maj.v_B-.maj.v,3,3.33,5:maj-->,2maj_5maj_5maj_
140,25,13,C.maj.v,F.maj.v,B-.maj.v,C.maj.v,F.maj.v,B-.maj.v,C.maj.v,F.maj.v,B-.maj.v,C.maj.v,F.maj.v,B-.maj.v,C.maj.v,,,,,,,C.maj.v_F.maj.v_B-.maj.v_C.maj.v_F.maj.v_B-.maj.v_C.maj.v_F.maj.v_B-.maj.v_C.maj.v_F.maj.v_B-.maj.v_C.maj.v_,1.359330832236536,##,6,4,1104 66 843 845 ,v ,NoBound,_C.maj.v_F.maj.v_B-.maj.v,3,4.33,5:maj-->,2maj_5maj_5maj_
141,21,6,C.maj.v,F.maj.v,B-.maj.v,F.maj.v,B-.maj.v,F.maj.v,,,,,,,,,,,,,,C.maj.v_F.maj.v_B-.maj.v_F.maj.v_B-.maj.v_F.maj.v_,1.9628150414142902,#,14,14,1018 1066 1100 1117 123 130 133 183 212 619 678 807 845 973 ,v ,NoBound,_C.maj.v_F.maj.v_B-.maj.v_F.maj.v_B-.maj.v_F.maj.v,6,1.0,7:maj-->,5maj_5maj_7maj_5maj_7maj_7maj_
142,87,12,C.maj.v,F.maj.v,C.maj.v,F.maj.v,C.maj.v,F.maj.v,C.maj.v,F.maj.v,C.maj.v,F.maj.v,C.maj.v,F.maj.v,,,,,,,,C.maj.v_F.maj.v_C.maj.v_F.maj.v_C.maj.v_F.maj.v_C.maj.v_F.maj.v_C.maj.v_F.maj.v_C.maj.v_F.maj.v_,1.8153374343811524,#,18,16,1018 1100 1113 1117 234 245 246 330 41 452 477 559 619 674 967 968 ,v ,NoBound,_C.maj.v_F.maj.v,2,6.0,5:maj-->,5maj_7maj_
143,52,14,C.maj.v,F.maj.v,C.maj.v,F.maj.v,C.maj.v,F.maj.v,C.maj.v,F.maj.v,C.maj.v,F.maj.v,C.maj.v,F.maj.v,C.maj.v,F.maj.v,,,,,,C.maj.v_F.maj.v_C.maj.v_F.maj.v_C.maj.v_F.maj.v_C.maj.v_F.maj.v_C.maj.v_F.maj.v_C.maj.v_F.maj.v_C.maj.v_F.maj.v_,2.0882107113844337,#,15,13,1018 1100 1113 1117 234 330 41 477 559 619 674 967 968 ,v ,NoBound,_C.maj.v_F.maj.v,2,7.0,5:maj-->,5maj_7maj_
144,24,16,C.maj.v,F.maj.v,C.maj.v,F.maj.v,C.maj.v,F.maj.v,C.maj.v,F.maj.v,C.maj.v,F.maj.v,C.maj.v,F.maj.v,C.maj.v,F.maj.v,C.maj.v,F.maj.v,,,,C.maj.v_F.maj.v_C.maj.v_F.maj.v_C.maj.v_F.maj.v_C.maj.v_F.maj.v_C.maj.v_F.maj.v_C.maj.v_F.maj.v_C.maj.v_F.maj.v_C.maj.v_F.maj.v_,2.5943609377704333,#,9,8,1018 1100 1117 234 330 559 619 674 ,v ,NoBound,_C.maj.v_F.maj.v,2,8.0,5:maj-->,5maj_7maj_
145,38,6,C.maj.v,F.maj.v,C.maj.v,G.maj.v,F.maj.v,C.maj.v,,,,,,,,,,,,,,C.maj.v_F.maj.v_C.maj.v_G.maj.v_F.maj.v_C.maj.v_,2.0459973094664523,#,14,11,12 162 187 246 366 484 67 699 889 948 952 ,v ,NoBound,_C.maj.v_F.maj.v_C.maj.v_G.maj.v_F.maj.v,5,1.2,10:maj-->,5maj_7maj_7maj_10maj_7maj_
146,78,5,C.maj.v,F.maj.v,D.min.v,B-.maj.v,C.maj.v,,,,,,,,,,,,,,,C.maj.v_F.maj.v_D.min.v_B-.maj.v_C.maj.v_,1.7905389611634863,#,26,18,1094 119 1228 1270 157 19 253 355 465 484 54 543 549 571 572 587 620 992 ,v ,NoBound,_C.maj.v_F.maj.v_D.min.v_B-.maj.v,4,1.25,8:maj-->,2maj_5maj_9min_8maj_
147,23,4,C.maj.v,F.maj.v,F.sus.v,F.maj.v,,,,,,,,,,,,,,,,C.maj.v_F.maj.v_F.sus.v_F.maj.v_,1.8048956511448035,#,6,4,1234 182 229 461 ,v ,NoBound,_C.maj.v_F.maj.v_F.sus.v_F.maj.v,4,1.0,0:maj-->,0maj_7maj_5maj_0sus_
148,50,4,C.maj.v,F.maj.v,G.7.v,C.maj.v,,,,,,,,,,,,,,,,C.maj.v_F.maj.v_G.7.v_C.maj.v_,2.0083570801546125,#,14,12,102 1138 1141 1154 1218 1245 167 296 463 500 726 914 ,v ,NoBound,_C.maj.v_F.maj.v_G.7.v,3,1.33,2:7-->,27_5maj_5maj_
149,130,7,C.maj.v,F.maj.v,G.maj.v,C.maj.v,F.maj.v,G.maj.v,C.maj.v,,,,,,,,,,,,,C.maj.v_F.maj.v_G.maj.v_C.maj.v_F.maj.v_G.maj.v_C.maj.v_,1.7984686017270828,##,22,17,1104 1203 1208 224 249 254 372 467 555 615 66 71 758 785 838 843 845 ,v ,NoBound,_C.maj.v_F.maj.v_G.maj.v,3,2.33,2:maj-->,2maj_5maj_5maj_
150,39,12,C.maj.v,F.maj.v,G.maj.v,C.maj.v,F.maj.v,G.maj.v,C.maj.v,F.maj.v,G.maj.v,C.maj.v,F.maj.v,G.maj.v,,,,,,,,C.maj.v_F.maj.v_G.maj.v_C.maj.v_F.maj.v_G.maj.v_C.maj.v_F.maj.v_G.maj.v_C.maj.v_F.maj.v_G.maj.v_,1.5006283791521189,####,10,7,1104 1208 467 615 66 843 845 ,v ,NoBound,_C.maj.v_F.maj.v_G.maj.v,3,4.0,2:maj-->,2maj_5maj_5maj_
151,23,5,C.maj.v,F.sus.v,F.maj.v,F.sus.v,F.maj.v,,,,,,,,,,,,,,,C.maj.v_F.sus.v_F.maj.v_F.sus.v_F.maj.v_,1.5103893948045581,#,7,5,469 507 518 813 894 ,v ,NoBound,_C.maj.v_F.sus.v_F.maj.v_F.sus.v_F.maj.v,5,1.0,0:maj-->,0maj_0sus_0maj_7maj_5sus_
152,33,5,C.maj.v,G.7.v,C.maj.v,C.7.v,F.maj.v,,,,,,,,,,,,,,,C.maj.v_G.7.v_C.maj.v_C.7.v_F.maj.v_,1.8726277405585008,#,14,11,1006 1041 1046 1116 1194 288 472 565 748 788 875 ,v ,NoBound,_C.maj.v_G.7.v_C.maj.v_C.7.v_F.maj.v,5,1.0,5:maj-->,07_5maj_7maj_77_5maj_
153,24,7,C.maj.v,G.7.v,C.maj.v,F.maj.v,C.maj.v,G.7.v,C.maj.v,,,,,,,,,,,,,C.maj.v_G.7.v_C.maj.v_F.maj.v_C.maj.v_G.7.v_C.maj.v_,2.8443609377704338,###,9,8,1072 1107 1116 399 472 787 875 993 ,v ,NoBound,_C.maj.v_G.7.v_C.maj.v_F.maj.v,4,1.75,5:maj-->,5maj_5maj_7maj_77_
154,33,4,C.maj.v,G.7.v,F.maj.v,C.maj.v,,,,,,,,,,,,,,,,C.maj.v_G.7.v_F.maj.v_C.maj.v_,1.9616616113559686,#,6,6,1287 346 430 773 886 900 ,v ,NoBound,_C.maj.v_G.7.v_F.maj.v,3,1.33,10:maj-->,77_10maj_7maj_
155,30,7,C.maj.v,G.maj.v,C.maj.v,G.maj.v,C.maj.v,F.maj.v,C.maj.v,,,,,,,,,,,,,C.maj.v_G.maj.v_C.maj.v_G.maj.v_C.maj.v_F.maj.v_C.maj.v_,1.4486092328524884,#,12,12,1063 126 1272 130 133 149 452 457 678 809 889 941 ,v ,NoBound,_C.maj.v_G.maj.v_C.maj.v_G.maj.v_C.maj.v_F.maj.v,6,1.17,5:maj-->,5maj_5maj_7maj_7maj_5maj_7maj_
156,94,11,C.maj.v,G.maj.v,C.maj.v,G.maj.v,C.maj.v,G.maj.v,C.maj.v,G.maj.v,C.maj.v,G.maj.v,C.maj.v,,,,,,,,,C.maj.v_G.maj.v_C.maj.v_G.maj.v_C.maj.v_G.maj.v_C.maj.v_G.maj.v_C.maj.v_G.maj.v_C.maj.v_,1.7782091146331693,#,18,16,1018 1100 1113 1117 234 245 246 330 41 452 477 559 619 674 967 968 ,v ,NoBound,_C.maj.v_G.maj.v,2,5.5,7:maj-->,5maj_7maj_
157,57,13,C.maj.v,G.maj.v,C.maj.v,G.maj.v,C.maj.v,G.maj.v,C.maj.v,G.maj.v,C.maj.v,G.maj.v,C.maj.v,G.maj.v,C.maj.v,,,,,,,C.maj.v_G.maj.v_C.maj.v_G.maj.v_C.maj.v_G.maj.v_C.maj.v_G.maj.v_C.maj.v_G.maj.v_C.maj.v_G.maj.v_C.maj.v_,2.0854702407331236,#,17,15,1018 1100 1113 1117 234 245 330 41 452 477 559 619 674 967 968 ,v ,NoBound,_C.maj.v_G.maj.v,2,6.5,7:maj-->,5maj_7maj_
158,27,15,C.maj.v,G.maj.v,C.maj.v,G.maj.v,C.maj.v,G.maj.v,C.maj.v,G.maj.v,C.maj.v,G.maj.v,C.maj.v,G.maj.v,C.maj.v,G.maj.v,C.maj.v,,,,,C.maj.v_G.maj.v_C.maj.v_G.maj.v_C.maj.v_G.maj.v_C.maj.v_G.maj.v_C.maj.v_G.maj.v_C.maj.v_G.maj.v_C.maj.v_G.maj.v_C.maj.v_,2.5032583347756456,#,11,10,1018 1100 1117 234 330 559 619 674 967 968 ,v ,NoBound,_C.maj.v_G.maj.v,2,7.5,7:maj-->,5maj_7maj_
159,27,7,C.maj.v,G.maj.v,C.maj.v,G.maj.v,D.maj.v,C.maj.v,G.maj.v,,,,,,,,,,,,,C.maj.v_G.maj.v_C.maj.v_G.maj.v_D.maj.v_C.maj.v_G.maj.v_,1.576065823799483,#,10,8,12 162 187 246 366 67 699 952 ,v ,NoBound,_C.maj.v_G.maj.v_C.maj.v_G.maj.v_D.maj.v,5,1.4,7:maj-->,5maj_7maj_7maj_10maj_7maj_
160,32,5,C.maj.v,G.maj.v,D.7.v,C.maj.v,G.maj.v,,,,,,,,,,,,,,,C.maj.v_G.maj.v_D.7.v_C.maj.v_G.maj.v_,1.8834321011224373,#,5,5,1287 430 773 886 900 ,v ,NoBound,_C.maj.v_G.maj.v_D.7.v,3,1.67,7:7-->,77_10maj_7maj_
161,23,6,C.maj.v,G.maj.v,D.7.v,G.maj.v,D.7.v,G.maj.v,,,,,,,,,,,,,,C.maj.v_G.maj.v_D.7.v_G.maj.v_D.7.v_G.maj.v_,2.261996198187295,#,9,6,1116 1194 570 787 788 822 ,v ,NoBound,_C.maj.v_G.maj.v_D.7.v_G.maj.v_D.7.v_G.maj.v,6,1.0,5:maj-->,5maj_5maj_7maj_77_5maj_77_
162,212,5,C.maj.v,G.maj.v,D.maj.v,C.maj.v,G.maj.v,,,,,,,,,,,,,,,C.maj.v_G.maj.v_D.maj.v_C.maj.v_G.maj.v_,2.0506616363582455,#,40,34,100 1002 1034 107 1177 12 1249 1265 162 187 206 209 246 271 300 366 389 406 484 555 589 621 67 699 71 74 75 762 810 852 886 889 948 952 ,v ,NoBound,_C.maj.v_G.maj.v_D.maj.v,3,1.67,7:maj-->,7maj_7maj_10maj_
163,104,8,C.maj.v,G.maj.v,D.maj.v,C.maj.v,G.maj.v,D.maj.v,C.maj.v,G.maj.v,,,,,,,,,,,,C.maj.v_G.maj.v_D.maj.v_C.maj.v_G.maj.v_D.maj.v_C.maj.v_G.maj.v_,1.815321077392685,#,16,15,1002 107 1265 162 389 406 589 621 67 74 75 762 810 852 886 ,v ,NoBound,_C.maj.v_G.maj.v_D.maj.v,3,2.67,7:maj-->,7maj_7maj_10maj_
164,62,11,C.maj.v,G.maj.v,D.maj.v,C.maj.v,G.maj.v,D.maj.v,C.maj.v,G.maj.v,D.maj.v,C.maj.v,G.maj.v,,,,,,,,,C.maj.v_G.maj.v_D.maj.v_C.maj.v_G.maj.v_D.maj.v_C.maj.v_G.maj.v_D.maj.v_C.maj.v_G.maj.v_,2.153679999134327,#,11,11,1002 107 1265 389 589 621 74 762 810 852 886 ,v ,NoBound,_C.maj.v_G.maj.v_D.maj.v,3,3.67,7:maj-->,7maj_7maj_10maj_
165,30,14,C.maj.v,G.maj.v,D.maj.v,C.maj.v,G.maj.v,D.maj.v,C.maj.v,G.maj.v,D.maj.v,C.maj.v,G.maj.v,D.maj.v,C.maj.v,G.maj.v,,,,,,C.maj.v_G.maj.v_D.maj.v_C.maj.v_G.maj.v_D.maj.v_C.maj.v_G.maj.v_D.maj.v_C.maj.v_G.maj.v_D.maj.v_C.maj.v_G.maj.v_,1.3054930959648086,#,3,3,1265 589 621 ,v ,NoBound,_C.maj.v_G.maj.v_D.maj.v,3,4.67,7:maj-->,7maj_7maj_10maj_
166,21,17,C.maj.v,G.maj.v,D.maj.v,C.maj.v,G.maj.v,D.maj.v,C.maj.v,G.maj.v,D.maj.v,C.maj.v,G.maj.v,D.maj.v,C.maj.v,G.maj.v,D.maj.v,C.maj.v,G.maj.v,,,C.maj.v_G.maj.v_D.maj.v_C.maj.v_G.maj.v_D.maj.v_C.maj.v_G.maj.v_D.maj.v_C.maj.v_G.maj.v_D.maj.v_C.maj.v_G.maj.v_D.maj.v_C.maj.v_G.maj.v_,1.6636046175975006,##,2,2,589 621 ,v ,NoBound,_C.maj.v_G.maj.v_D.maj.v,3,5.67,7:maj-->,7maj_7maj_10maj_
167,22,5,C.maj.v,G.maj.v,E.min.v,G.maj.v,E.min.v,,,,,,,,,,,,,,,C.maj.v_G.maj.v_E.min.v_G.maj.v_E.min.v_,1.4911148500551858,#,4,3,310 814 902 ,v ,NoBound,_C.maj.v_G.maj.v_E.min.v_G.maj.v_E.min.v,5,1.0,9:min-->,3maj_9min_8maj_7maj_9min_
168,117,7,C.maj.v,G.maj.v,F.maj.v,C.maj.v,G.maj.v,F.maj.v,C.maj.v,,,,,,,,,,,,,C.maj.v_G.maj.v_F.maj.v_C.maj.v_G.maj.v_F.maj.v_C.maj.v_,1.895014950590704,#,20,18,1002 107 1265 162 209 300 389 406 555 589 621 67 74 75 762 810 852 886 ,v ,NoBound,_C.maj.v_G.maj.v_F.maj.v,3,2.33,10:maj-->,7maj_7maj_10maj_
169,65,10,C.maj.v,G.maj.v,F.maj.v,C.maj.v,G.maj.v,F.maj.v,C.maj.v,G.maj.v,F.maj.v,C.maj.v,,,,,,,,,,C.maj.v_G.maj.v_F.maj.v_C.maj.v_G.maj.v_F.maj.v_C.maj.v_G.maj.v_F.maj.v_C.maj.v_,2.082609782961475,##,11,11,1002 107 1265 389 589 621 74 762 810 852 886 ,v ,NoBound,_C.maj.v_G.maj.v_F.maj.v,3,3.33,10:maj-->,7maj_7maj_10maj_
170,33,13,C.maj.v,G.maj.v,F.maj.v,C.maj.v,G.maj.v,F.maj.v,C.maj.v,G.maj.v,F.maj.v,C.maj.v,G.maj.v,F.maj.v,C.maj.v,,,,,,,C.maj.v_G.maj.v_F.maj.v_C.maj.v_G.maj.v_F.maj.v_C.maj.v_G.maj.v_F.maj.v_C.maj.v_G.maj.v_F.maj.v_C.maj.v_,1.6263088923440667,#,4,4,1265 589 621 852 ,v ,NoBound,_C.maj.v_G.maj.v_F.maj.v,3,4.33,10:maj-->,7maj_7maj_10maj_
171,21,16,C.maj.v,G.maj.v,F.maj.v,C.maj.v,G.maj.v,F.maj.v,C.maj.v,G.maj.v,F.maj.v,C.maj.v,G.maj.v,F.maj.v,C.maj.v,G.maj.v,F.maj.v,C.maj.v,,,,C.maj.v_G.maj.v_F.maj.v_C.maj.v_G.maj.v_F.maj.v_C.maj.v_G.maj.v_F.maj.v_C.maj.v_G.maj.v_F.maj.v_C.maj.v_G.maj.v_F.maj.v_C.maj.v_,1.6636046175975003,##,2,2,589 621 ,v ,NoBound,_C.maj.v_G.maj.v_F.maj.v,3,5.33,10:maj-->,7maj_7maj_10maj_
172,22,9,C.maj.v,G.maj.v,F.maj.v,G.maj.v,C.maj.v,G.maj.v,F.maj.v,G.maj.v,C.maj.v,,,,,,,,,,,C.maj.v_G.maj.v_F.maj.v_G.maj.v_C.maj.v_G.maj.v_F.maj.v_G.maj.v_C.maj.v_,1.3410971216314893,###,8,5,1142 300 385 6 821 ,v ,NoBound,_C.maj.v_G.maj.v_F.maj.v_G.maj.v,4,2.25,2:maj-->,2maj_5maj_7maj_10maj_
173,24,5,C.maj7.c,D.7.c,C.maj7.c,G.maj.c,D.maj.c,,,,,,,,,,,,,,,C.maj7.c_D.7.c_C.maj7.c_G.maj.c_D.maj.c_,1.2987949406953985,##,3,1,705 ,c ,NoBound,_C.maj7.c_D.7.c_C.maj7.c_G.maj.c_D.maj.c,5,1.0,7:maj-->,27_10maj7_7maj_7maj_10maj7_
174,60,12,C.min.c,A-.maj.c,B-.maj.c,C.min.c,A-.maj.c,B-.maj.c,C.min.c,A-.maj.c,B-.maj.c,C.min.c,A-.maj.c,B-.maj.c,,,,,,,,C.min.c_A-.maj.c_B-.maj.c_C.min.c_A-.maj.c_B-.maj.c_C.min.c_A-.maj.c_B-.maj.c_C.min.c_A-.maj.c_B-.maj.c_,1.5033074086078342,########,9,7,1073 1279 334 352 531 599 898 ,c ,NoBound,_C.min.c_A-.maj.c_B-.maj.c,3,4.0,2:maj-->,2maj_2min_8maj_
175,42,7,C.min.c,A-.maj.c,B-.maj.c,E-.maj.c,C.min.c,A-.maj.c,B-.maj.c,,,,,,,,,,,,,C.min.c_A-.maj.c_B-.maj.c_E-.maj.c_C.min.c_A-.maj.c_B-.maj.c_,2.2316097377136206,##,9,4,145 54 568 749 ,c ,NoBound,_C.min.c_A-.maj.c_B-.maj.c_E-.maj.c,4,1.75,5:maj-->,2maj_5maj_9min_8maj_
176,178,4,C.min.c,B-.maj.c,C.min.c,B-.maj.c,,,,,,,,,,,,,,,,C.min.c_B-.maj.c_C.min.c_B-.maj.c_,1.4459191576442199,#,18,14,1173 217 294 320 478 51 542 608 629 797 812 932 945 947 ,c ,NoBound,_C.min.c_B-.maj.c,2,2.0,10:maj-->,2min_10maj_
177,21,5,C.min.c,E-.maj.c,B-.maj.c,C.min.c,E-.maj.c,,,,,,,,,,,,,,,C.min.c_E-.maj.c_B-.maj.c_C.min.c_E-.maj.c_,1.280019973431558,#,3,3,1203 397 747 ,c ,NoBound,_C.min.c_E-.maj.c_B-.maj.c,3,1.67,7:maj-->,2min_3maj_7maj_
178,20,5,C.min.c,F.maj.c,B-.maj.c,E-.maj.c,C.min.c,,,,,,,,,,,,,,,C.min.c_F.maj.c_B-.maj.c_E-.maj.c_C.min.c_,1.5166422780956523,#,6,5,109 330 546 842 843 ,c ,NoBound,_C.min.c_F.maj.c_B-.maj.c_E-.maj.c,4,1.25,5:maj-->,5maj_5maj_5maj_9min_
179,25,4,C.min.c,F.min.c,C.min.c,F.min.c,,,,,,,,,,,,,,,,C.min.c_F.min.c_C.min.c_F.min.c_,1.653660689688186,#,7,6,1082 1101 40 433 482 637 ,c ,NoBound,_C.min.c_F.min.c,2,2.0,5:min-->,5min_7min_
180,24,6,C.min.p,A-.maj.p,B-.maj.p,C.min.p,A-.maj.p,B-.maj.p,,,,,,,,,,,,,,C.min.p_A-.maj.p_B-.maj.p_C.min.p_A-.maj.p_B-.maj.p_,1.4505820084462417,###,4,3,1051 1279 352 ,p ,NoBound,_C.min.p_A-.maj.p_B-.maj.p,3,2.0,2:maj-->,2maj_2min_8maj_
181,54,6,C.min.v,A-.maj.v,B-.maj.v,C.min.v,A-.maj.v,B-.maj.v,,,,,,,,,,,,,,C.min.v_A-.maj.v_B-.maj.v_C.min.v_A-.maj.v_B-.maj.v_,1.7919245392005054,##,12,7,1279 155 16 281 334 352 572 ,v ,NoBound,_C.min.v_A-.maj.v_B-.maj.v,3,2.0,2:maj-->,2maj_2min_8maj_
182,25,9,C.min.v,A-.maj.v,B-.maj.v,C.min.v,A-.maj.v,B-.maj.v,C.min.v,A-.maj.v,B-.maj.v,,,,,,,,,,,C.min.v_A-.maj.v_B-.maj.v_C.min.v_A-.maj.v_B-.maj.v_C.min.v_A-.maj.v_B-.maj.v_,1.5996275363413566,##,6,4,1279 155 334 572 ,v ,NoBound,_C.min.v_A-.maj.v_B-.maj.v,3,3.0,2:maj-->,2maj_2min_8maj_
183,56,7,C.min.v,A-.maj.v,B-.maj.v,E-.maj.v,C.min.v,A-.maj.v,B-.maj.v,,,,,,,,,,,,,C.min.v_A-.maj.v_B-.maj.v_E-.maj.v_C.min.v_A-.maj.v_B-.maj.v_,1.3298193102147764,##,15,10,1094 119 1228 1270 253 355 54 549 571 620 ,v ,NoBound,_C.min.v_A-.maj.v_B-.maj.v_E-.maj.v,4,1.75,5:maj-->,2maj_5maj_9min_8maj_
184,33,6,C.min.v,B-.maj.v,C.min.v,B-.maj.v,C.min.v,B-.maj.v,,,,,,,,,,,,,,C.min.v_B-.maj.v_C.min.v_B-.maj.v_C.min.v_B-.maj.v_,1.6437908016405205,#,9,7,1073 246 481 62 629 749 812 ,v ,NoBound,_C.min.v_B-.maj.v,2,3.0,10:maj-->,2min_10maj_
185,20,5,C.min.v,F.maj.v,B-.maj.v,C.min.v,F.maj.v,,,,,,,,,,,,,,,C.min.v_F.maj.v_B-.maj.v_C.min.v_F.maj.v_,1.3527241956246545,#,5,5,369 729 767 872 917 ,v ,NoBound,_C.min.v_F.maj.v_B-.maj.v,3,1.67,5:maj-->,2min_5maj_5maj_
186,30,6,C.min7.c,A-.maj.c,B-.maj.c,C.min7.c,A-.maj.c,B-.maj.c,,,,,,,,,,,,,,C.min7.c_A-.maj.c_B-.maj.c_C.min7.c_A-.maj.c_B-.maj.c_,1.3752793655393791,##,2,1,352 ,c ,NoBound,_C.min7.c_A-.maj.c_B-.maj.c,3,2.0,2:maj-->,2maj_2min7_8maj_
187,20,9,C.min7.c,A-.maj.c,B-.maj.c,C.min7.c,A-.maj.c,B-.maj.c,C.min7.c,A-.maj.c,B-.maj.c,,,,,,,,,,,C.min7.c_A-.maj.c_B-.maj.c_C.min7.c_A-.maj.c_B-.maj.c_C.min7.c_A-.maj.c_B-.maj.c_,1.6854752972273346,##,2,1,352 ,c ,NoBound,_C.min7.c_A-.maj.c_B-.maj.c,3,3.0,2:maj-->,2maj_2min7_8maj_
188,24,6,C.min7.c,A-.maj7.c,B-.7.c,A-.maj7.c,E-.maj.c,B-.maj.c,,,,,,,,,,,,,,C.min7.c_A-.maj7.c_B-.7.c_A-.maj7.c_E-.maj.c_B-.maj.c_,1.2987949406953985,###,3,1,705 ,c ,NoBound,_C.min7.c_A-.maj7.c_B-.7.c_A-.maj7.c_E-.maj.c_B-.maj.c,6,1.0,7:maj-->,27_10maj7_7maj_7maj_2min7_8maj7_
189,20,4,C.min7.c,D.min7.c,G.min7.c,C.min7.c,,,,,,,,,,,,,,,,C.min7.c_D.min7.c_G.min7.c_C.min7.c_,1.6841837197791887,#,3,2,1056 631 ,c ,NoBound,_C.min7.c_D.min7.c_G.min7.c,3,1.33,5:min7-->,2min7_5min7_5min7_
190,71,4,C.min7.c,F.7.c,C.min7.c,F.7.c,,,,,,,,,,,,,,,,C.min7.c_F.7.c_C.min7.c_F.7.c_,1.8068899006158665,#,8,8,1127 1174 483 490 691 70 834 925 ,c ,NoBound,_C.min7.c_F.7.c,2,2.0,5:7-->,57_7min7_
191,46,6,C.min7.c,F.7.c,C.min7.c,F.7.c,C.min7.c,F.7.c,,,,,,,,,,,,,,C.min7.c_F.7.c_C.min7.c_F.7.c_C.min7.c_F.7.c_,1.3706341169830831,#,5,5,1174 483 490 70 925 ,c ,NoBound,_C.min7.c_F.7.c,2,3.0,5:7-->,57_7min7_
192,33,8,C.min7.c,F.7.c,C.min7.c,F.7.c,C.min7.c,F.7.c,C.min7.c,F.7.c,,,,,,,,,,,,C.min7.c_F.7.c_C.min7.c_F.7.c_C.min7.c_F.7.c_C.min7.c_F.7.c_,1.7226586461964088,#,4,4,1174 483 490 70 ,c ,NoBound,_C.min7.c_F.7.c,2,4.0,5:7-->,57_7min7_
193,20,3,C.min7.l,A-.maj.l,B-.maj.l,,,,,,,,,,,,,,,,,C.min7.l_A-.maj.l_B-.maj.l_,1.5709505944546687,#,4,2,352 608 ,l ,NoBound,_C.min7.l_A-.maj.l_B-.maj.l,3,1.0,2:maj-->,2maj_2min7_8maj_
194,35,3,C.min7.v,B-.maj7.v,C.min7.v,,,,,,,,,,,,,,,,,C.min7.v_B-.maj7.v_C.min7.v_,1.4137994458217866,#,3,3,511 528 984 ,v ,NoBound,_C.min7.v_B-.maj7.v,2,1.5,10:maj7-->,2min7_10maj7_
195,31,4,C.min7.v,F.7.v,C.min7.v,F.7.v,,,,,,,,,,,,,,,,C.min7.v_F.7.v_C.min7.v_F.7.v_,1.3981103143109408,#,7,6,1174 288 445 483 627 70 ,v ,NoBound,_C.min7.v_F.7.v,2,2.0,5:7-->,57_7min7_
196,22,5,C.min7.v,F.maj.v,B-.maj.v,C.min7.v,F.maj.v,,,,,,,,,,,,,,,C.min7.v_F.maj.v_B-.maj.v_C.min7.v_F.maj.v_,1.6171895725927152,#,5,4,1192 1292 228 791 ,v ,NoBound,_C.min7.v_F.maj.v_B-.maj.v,3,1.67,5:maj-->,2min7_5maj_5maj_
197,26,4,C.nc.c,F.nc.c,C.nc.c,F.nc.c,,,,,,,,,,,,,,,,C.nc.c_F.nc.c_C.nc.c_F.nc.c_,1.5725552071907916,#,3,3,1106 594 777 ,c ,NoBound,_C.nc.c_F.nc.c,2,2.0,5:nc-->,5nc_7nc_
198,20,6,C.nc.v,A-.nc.v,B-.nc.v,C.nc.v,A-.nc.v,B-.nc.v,,,,,,,,,,,,,,C.nc.v_A-.nc.v_B-.nc.v_C.nc.v_A-.nc.v_B-.nc.v_,1.295461844238322,####,3,2,352 913 ,v ,NoBound,_C.nc.v_A-.nc.v_B-.nc.v,3,2.0,2:nc-->,2nc_2nc_8nc_
199,20,5,C.nc.v,D.nc.v,E.nc.v,C.nc.v,D.nc.v,,,,,,,,,,,,,,,C.nc.v_D.nc.v_E.nc.v_C.nc.v_D.nc.v_,1.295461844238322,##,3,2,352 913 ,v ,NoBound,_C.nc.v_D.nc.v_E.nc.v,3,1.67,2:nc-->,2nc_2nc_8nc_
200,20,4,C.sus.c,C.maj.c,B-.maj.c,F.maj.c,,,,,,,,,,,,,,,,C.sus.c_C.maj.c_B-.maj.c_F.maj.c_,2.019973094021975,#,3,3,1085 512 803 ,c ,NoBound,_C.sus.c_C.maj.c_B-.maj.c_F.maj.c,4,1.0,7:maj-->,0maj_10maj_7maj_7sus_
201,22,4,C.sus.c,C.maj.c,C.sus.c,C.maj.c,,,,,,,,,,,,,,,,C.sus.c_C.maj.c_C.sus.c_C.maj.c_,2.1506140041158783,#,4,4,1012 1066 348 512 ,c ,NoBound,_C.sus.c_C.maj.c,2,2.0,0:maj-->,0maj_0sus_
202,23,5,C.sus.c,F.maj.c,B-.maj.c,C.sus.c,F.maj.c,,,,,,,,,,,,,,,C.sus.c_F.maj.c_B-.maj.c_C.sus.c_F.maj.c_,1.6277637415297184,#,5,5,1033 1188 1200 1218 46 ,c ,NoBound,_C.sus.c_F.maj.c_B-.maj.c,3,1.67,5:maj-->,2sus_5maj_5maj_
203,148,4,C.sus.v,C.maj.v,C.sus.v,C.maj.v,,,,,,,,,,,,,,,,C.sus.v_C.maj.v_C.sus.v_C.maj.v_,1.9340221860277982,#,15,12,1048 1066 182 461 469 507 512 518 651 813 894 973 ,v ,NoBound,_C.sus.v_C.maj.v,2,2.0,0:maj-->,0maj_0sus_
204,26,15,C.sus.v,C.maj.v,C.sus.v,C.maj.v,C.sus.v,C.maj.v,C.sus.v,C.maj.v,C.sus.v,C.maj.v,C.sus.v,C.maj.v,C.sus.v,C.maj.v,C.sus.v,,,,,C.sus.v_C.maj.v_C.sus.v_C.maj.v_C.sus.v_C.maj.v_C.sus.v_C.maj.v_C.sus.v_C.maj.v_C.sus.v_C.maj.v_C.sus.v_C.maj.v_C.sus.v_,1.2389012566026305,##########,2,1,461 ,v ,NoBound,_C.sus.v_C.maj.v,2,7.5,0:maj-->,0maj_0sus_
keyMode: False,triadMode: 7,beatMode: False,formMode: True,Entropy Thresh: 1.2,Prob Thresh: 0.25,Total # Cases: 204
